720.0 331.0 713.0 324.0 730.0 309.0 736.0 316.0 ship 0
792.0 366.0 801.0 373.0 783.0 393.0 774.0 386.0 ship 0
775.0 384.0 768.0 377.0 786.0 356.0 795.0 363.0 ship 0
780.0 348.0 787.0 355.0 769.0 375.0 762.0 369.0 ship 0
753.0 362.0 745.0 354.0 763.0 335.0 772.0 343.0 ship 0
741.0 352.0 736.0 345.0 758.0 327.0 764.0 334.0 ship 0
736.0 344.0 730.0 335.0 752.0 317.0 760.0 326.0 ship 0
812.0 278.0 820.0 286.0 795.0 308.0 788.0 300.0 ship 0
804.0 269.0 812.0 276.0 788.0 300.0 780.0 292.0 ship 0
797.0 260.0 804.0 269.0 785.0 287.0 778.0 280.0 ship 0
789.0 253.0 797.0 260.0 775.0 283.0 768.0 276.0 ship 0
782.0 245.0 788.0 252.0 767.0 271.0 759.0 263.0 ship 0
775.0 238.0 782.0 245.0 761.0 262.0 755.0 254.0 ship 0
765.0 231.0 771.0 237.0 752.0 257.0 744.0 250.0 ship 0
729.0 337.0 722.0 329.0 748.0 306.0 754.0 314.0 ship 0
714.0 322.0 708.0 315.0 729.0 296.0 736.0 304.0 ship 0
766.0 401.0 774.0 409.0 752.0 431.0 744.0 424.0 ship 0
722.0 288.0 729.0 296.0 706.0 316.0 699.0 309.0 ship 0
298.0 595.0 307.0 604.0 280.0 634.0 270.0 624.0 ship 0
308.0 605.0 317.0 615.0 289.0 642.0 280.0 633.0 ship 0
317.0 616.0 326.0 626.0 296.0 653.0 288.0 643.0 ship 0
304.0 671.0 293.0 660.0 327.0 624.0 338.0 636.0 ship 0
336.0 637.0 344.0 644.0 317.0 678.0 308.0 669.0 ship 0
325.0 688.0 316.0 678.0 347.0 644.0 357.0 655.0 ship 0
357.0 654.0 366.0 663.0 336.0 696.0 327.0 687.0 ship 0
366.0 663.0 376.0 673.0 349.0 705.0 339.0 697.0 ship 0
354.0 717.0 345.0 707.0 373.0 677.0 383.0 687.0 ship 0
369.0 723.0 360.0 712.0 386.0 686.0 396.0 697.0 ship 0
395.0 697.0 404.0 707.0 377.0 729.0 369.0 720.0 ship 0
405.0 704.0 416.0 715.0 383.0 744.0 373.0 734.0 ship 0
416.0 715.0 426.0 724.0 394.0 754.0 385.0 743.0 ship 0
802.0 377.0 809.0 385.0 789.0 401.0 783.0 393.0 ship 0
775.0 409.0 783.0 416.0 764.0 436.0 756.0 428.0 ship 0
835.0 447.0 828.0 440.0 849.0 420.0 856.0 427.0 ship 0
865.0 330.0 872.0 337.0 851.0 357.0 843.0 350.0 ship 0
852.0 315.0 857.0 321.0 838.0 338.0 832.0 332.0 ship 0
922.0 531.0 915.0 524.0 936.0 503.0 942.0 510.0 ship 0
913.0 524.0 905.0 516.0 925.0 495.0 934.0 504.0 ship 0
904.0 516.0 896.0 508.0 916.0 489.0 923.0 497.0 ship 0
893.0 528.0 899.0 536.0 874.0 557.0 868.0 549.0 ship 0
883.0 519.0 890.0 526.0 862.0 552.0 855.0 543.0 ship 0
889.0 501.0 882.0 493.0 902.0 474.0 909.0 482.0 ship 0
883.0 491.0 877.0 484.0 897.0 465.0 904.0 472.0 ship 0
888.0 459.0 896.0 468.0 874.0 487.0 867.0 478.0 ship 0
866.0 478.0 859.0 472.0 878.0 453.0 884.0 460.0 ship 0
861.0 469.0 854.0 462.0 875.0 437.0 884.0 445.0 ship 0
864.0 432.0 872.0 440.0 851.0 463.0 844.0 455.0 ship 0
857.0 425.0 864.0 432.0 845.0 454.0 837.0 447.0 ship 0
829.0 439.0 821.0 430.0 841.0 411.0 849.0 419.0 ship 0
767.0 451.0 759.0 443.0 782.0 417.0 791.0 426.0 ship 0
821.0 431.0 815.0 424.0 833.0 407.0 839.0 413.0 ship 0
813.0 423.0 806.0 415.0 829.0 394.0 837.0 403.0 ship 0
803.0 416.0 798.0 408.0 818.0 390.0 824.0 399.0 ship 0
798.0 407.0 792.0 400.0 808.0 384.0 815.0 391.0 ship 0
875.0 511.0 881.0 518.0 857.0 541.0 849.0 533.0 ship 0
865.0 500.0 873.0 509.0 849.0 532.0 841.0 524.0 ship 0
857.0 494.0 863.0 502.0 840.0 523.0 833.0 516.0 ship 0
849.0 486.0 856.0 492.0 837.0 512.0 829.0 505.0 ship 0
832.0 470.0 840.0 478.0 817.0 500.0 809.0 492.0 ship 0
825.0 461.0 832.0 469.0 808.0 493.0 800.0 485.0 ship 0
816.0 453.0 823.0 462.0 799.0 485.0 792.0 477.0 ship 0
809.0 443.0 818.0 451.0 796.0 471.0 788.0 463.0 ship 0
799.0 436.0 807.0 445.0 785.0 468.0 777.0 460.0 ship 0
790.0 427.0 799.0 436.0 774.0 461.0 766.0 453.0 ship 0
423.0 726.0 433.0 736.0 404.0 766.0 395.0 756.0 ship 0
436.0 734.0 445.0 744.0 419.0 772.0 410.0 762.0 ship 0
450.0 755.0 461.0 764.0 433.0 795.0 422.0 785.0 ship 0
164.0 457.0 173.0 466.0 148.0 493.0 139.0 485.0 ship 0
212.0 720.0 203.0 710.0 233.0 681.0 242.0 692.0 ship 0
200.0 713.0 190.0 704.0 222.0 671.0 233.0 681.0 ship 0
190.0 704.0 181.0 695.0 211.0 661.0 221.0 673.0 ship 0
199.0 654.0 208.0 663.0 181.0 693.0 171.0 683.0 ship 0
170.0 682.0 160.0 673.0 183.0 648.0 194.0 658.0 ship 0
164.0 671.0 154.0 663.0 180.0 633.0 191.0 641.0 ship 0
152.0 662.0 143.0 653.0 172.0 621.0 181.0 631.0 ship 0
143.0 651.0 135.0 642.0 160.0 615.0 169.0 623.0 ship 0
134.0 641.0 126.0 633.0 155.0 600.0 163.0 609.0 ship 0
123.0 632.0 115.0 626.0 130.0 606.0 138.0 613.0 ship 0
113.0 623.0 104.0 614.0 127.0 589.0 136.0 597.0 ship 0
105.0 612.0 97.0 603.0 124.0 577.0 131.0 584.0 ship 0
95.0 601.0 86.0 591.0 113.0 565.0 121.0 576.0 ship 0
132.0 484.0 123.0 474.0 148.0 452.0 157.0 463.0 ship 0
156.0 504.0 147.0 495.0 173.0 467.0 182.0 476.0 ship 0
463.0 766.0 472.0 775.0 445.0 801.0 437.0 792.0 ship 0
183.0 478.0 191.0 488.0 163.0 513.0 155.0 504.0 ship 0
172.0 525.0 162.0 515.0 193.0 487.0 202.0 497.0 ship 0
212.0 509.0 221.0 519.0 187.0 550.0 178.0 540.0 ship 0
203.0 499.0 209.0 506.0 195.0 519.0 189.0 513.0 ship 0
220.0 518.0 229.0 525.0 208.0 551.0 199.0 544.0 ship 0
240.0 534.0 250.0 545.0 217.0 578.0 206.0 567.0 ship 0
251.0 547.0 260.0 555.0 235.0 580.0 227.0 572.0 ship 0
241.0 592.0 232.0 582.0 260.0 557.0 269.0 568.0 ship 0
249.0 607.0 239.0 597.0 268.0 568.0 278.0 577.0 ship 0
279.0 577.0 288.0 587.0 262.0 613.0 253.0 603.0 ship 0
604.0 822.0 612.0 831.0 583.0 861.0 573.0 852.0 ship 0
572.0 851.0 563.0 843.0 587.0 818.0 597.0 827.0 ship 0
563.0 842.0 555.0 834.0 581.0 806.0 590.0 814.0 ship 0
554.0 833.0 545.0 823.0 573.0 795.0 583.0 803.0 ship 0
218.0 731.0 211.0 724.0 229.0 705.0 237.0 713.0 ship 0
255.0 699.0 274.0 718.0 241.0 751.0 222.0 732.0 ship 0
249.0 762.0 242.0 754.0 272.0 722.0 280.0 731.0 ship 0
269.0 781.0 260.0 771.0 287.0 742.0 297.0 751.0 ship 0
472.0 775.0 481.0 784.0 453.0 819.0 442.0 809.0 ship 0
480.0 786.0 490.0 794.0 466.0 821.0 458.0 813.0 ship 0
490.0 795.0 500.0 804.0 472.0 833.0 463.0 824.0 ship 0
497.0 807.0 506.0 817.0 482.0 842.0 472.0 832.0 ship 0
513.0 814.0 522.0 824.0 492.0 850.0 484.0 840.0 ship 0
521.0 824.0 531.0 833.0 500.0 861.0 492.0 851.0 ship 0
531.0 834.0 540.0 844.0 510.0 873.0 502.0 863.0 ship 0
542.0 845.0 550.0 854.0 522.0 881.0 513.0 871.0 ship 0
532.0 894.0 522.0 883.0 552.0 854.0 562.0 864.0 ship 0
558.0 869.0 566.0 878.0 540.0 903.0 532.0 896.0 ship 0
487.0 935.0 496.0 946.0 464.0 977.0 454.0 969.0 ship 0
473.0 927.0 484.0 938.0 454.0 970.0 443.0 959.0 ship 0
444.0 959.0 433.0 951.0 457.0 924.0 467.0 933.0 ship 0
435.0 947.0 426.0 940.0 448.0 913.0 458.0 920.0 ship 0
440.0 902.0 450.0 911.0 423.0 940.0 414.0 932.0 ship 0
413.0 928.0 405.0 919.0 430.0 892.0 439.0 900.0 ship 0
405.0 919.0 397.0 911.0 418.0 887.0 427.0 895.0 ship 0
396.0 910.0 386.0 900.0 417.0 868.0 428.0 879.0 ship 0
402.0 862.0 412.0 873.0 386.0 901.0 375.0 891.0 ship 0
375.0 891.0 366.0 882.0 392.0 852.0 403.0 861.0 ship 0
365.0 882.0 357.0 872.0 382.0 845.0 391.0 853.0 ship 0
356.0 869.0 348.0 862.0 371.0 832.0 380.0 840.0 ship 0
347.0 862.0 338.0 853.0 360.0 824.0 371.0 833.0 ship 0
358.0 808.0 368.0 816.0 338.0 850.0 327.0 841.0 ship 0
326.0 841.0 317.0 831.0 347.0 800.0 356.0 809.0 ship 0
309.0 820.0 300.0 812.0 325.0 782.0 335.0 790.0 ship 0
314.0 771.0 325.0 780.0 297.0 813.0 287.0 803.0 ship 0
288.0 801.0 279.0 792.0 305.0 763.0 315.0 773.0 ship 0
279.0 791.0 269.0 783.0 295.0 754.0 305.0 763.0 ship 0
873.0 340.0 879.0 347.0 862.0 362.0 855.0 355.0 ship 0
887.0 352.0 896.0 360.0 874.0 385.0 864.0 377.0 ship 0
902.0 370.0 909.0 377.0 892.0 394.0 885.0 387.0 ship 0
530.0 136.0 522.0 127.0 545.0 108.0 554.0 117.0 ship 0
293.0 185.0 282.0 196.0 246.0 159.0 257.0 147.0 ship 0
306.0 174.0 295.0 183.0 257.0 144.0 266.0 134.0 ship 0
268.0 135.0 273.0 128.0 291.0 145.0 284.0 152.0 ship 0
332.0 160.0 320.0 173.0 274.0 127.0 285.0 116.0 ship 0
338.0 142.0 326.0 152.0 288.0 115.0 299.0 103.0 ship 0
340.0 124.0 330.0 133.0 300.0 105.0 310.0 93.0 ship 0
357.0 116.0 347.0 127.0 311.0 94.0 321.0 82.0 ship 0
382.0 91.0 372.0 100.0 342.0 67.0 353.0 57.0 ship 0
391.0 80.0 380.0 89.0 354.0 55.0 366.0 47.0 ship 0
419.0 74.0 405.0 86.0 366.0 44.0 380.0 31.0 ship 0
423.0 52.0 413.0 63.0 380.0 31.0 391.0 20.0 ship 0
439.0 44.0 428.0 56.0 390.0 18.0 401.0 7.0 ship 0
507.0 112.0 500.0 103.0 523.0 84.0 530.0 94.0 ship 0
514.0 120.0 508.0 112.0 531.0 93.0 539.0 102.0 ship 0
539.0 146.0 531.0 139.0 550.0 119.0 558.0 128.0 ship 0
237.0 849.0 227.0 837.0 264.0 800.0 274.0 811.0 ship 0
54.0 465.0 65.0 477.0 33.0 511.0 20.0 499.0 ship 0
63.0 573.0 55.0 564.0 77.0 537.0 87.0 546.0 ship 0
96.0 536.0 107.0 545.0 75.0 585.0 64.0 575.0 ship 0
100.0 558.0 108.0 567.0 84.0 592.0 75.0 584.0 ship 0
149.0 762.0 137.0 748.0 173.0 712.0 185.0 724.0 ship 0
185.0 724.0 195.0 733.0 166.0 767.0 154.0 757.0 ship 0
197.0 735.0 208.0 746.0 174.0 780.0 163.0 768.0 ship 0
208.0 746.0 218.0 756.0 185.0 793.0 174.0 783.0 ship 0
220.0 755.0 231.0 766.0 199.0 799.0 189.0 789.0 ship 0
234.0 768.0 243.0 780.0 205.0 811.0 196.0 800.0 ship 0
242.0 780.0 253.0 790.0 214.0 828.0 204.0 817.0 ship 0
282.0 196.0 272.0 208.0 232.0 169.0 244.0 157.0 ship 0
270.0 212.0 260.0 222.0 220.0 181.0 230.0 169.0 ship 0
256.0 219.0 248.0 228.0 211.0 192.0 219.0 182.0 ship 0
236.0 222.0 227.0 230.0 200.0 200.0 209.0 192.0 ship 0
391.0 214.0 401.0 202.0 821.0 628.0 808.0 640.0 harbor 0
271.0 330.0 283.0 320.0 694.0 736.0 684.0 748.0 harbor 0
154.0 447.0 166.0 435.0 576.0 856.0 565.0 866.0 harbor 0
31.0 566.0 43.0 554.0 455.0 975.0 444.0 986.0 harbor 0
30.0 630.0 20.0 618.0 53.0 588.0 63.0 599.0 ship 0
1.0 614.0 1.0 595.0 30.0 567.0 41.0 578.0 ship 0
49.0 658.0 38.0 646.0 74.0 610.0 86.0 622.0 ship 0
86.0 622.0 96.0 632.0 63.0 667.0 52.0 656.0 ship 0
69.0 683.0 57.0 671.0 96.0 633.0 109.0 646.0 ship 0
109.0 646.0 119.0 656.0 84.0 692.0 73.0 680.0 ship 0
119.0 656.0 129.0 666.0 89.0 709.0 78.0 697.0 ship 0
129.0 666.0 140.0 676.0 111.0 712.0 99.0 701.0 ship 0
140.0 678.0 151.0 689.0 119.0 728.0 107.0 716.0 ship 0
137.0 731.0 125.0 721.0 152.0 689.0 163.0 701.0 ship 0
163.0 701.0 173.0 712.0 143.0 742.0 133.0 731.0 ship 0
68.0 399.0 57.0 411.0 21.0 376.0 32.0 365.0 ship 0
76.0 383.0 67.0 394.0 34.0 365.0 44.0 354.0 ship 0
92.0 373.0 83.0 383.0 43.0 352.0 53.0 340.0 ship 0
95.0 359.0 88.0 369.0 54.0 341.0 63.0 330.0 ship 0
117.0 359.0 106.0 370.0 66.0 328.0 77.0 317.0 ship 0
136.0 347.0 124.0 359.0 82.0 321.0 93.0 309.0 ship 0
98.0 301.0 107.0 291.0 142.0 324.0 133.0 334.0 ship 0
160.0 321.0 146.0 331.0 111.0 287.0 124.0 278.0 ship 0
168.0 296.0 158.0 306.0 123.0 274.0 134.0 263.0 ship 0
177.0 282.0 169.0 291.0 138.0 260.0 146.0 251.0 ship 0
159.0 243.0 167.0 232.0 198.0 259.0 190.0 269.0 ship 0
221.0 258.0 210.0 270.0 168.0 232.0 178.0 220.0 ship 0
216.0 237.0 207.0 245.0 182.0 219.0 190.0 210.0 ship 0
225.0 228.0 217.0 237.0 190.0 210.0 198.0 201.0 ship 0
253.0 789.0 263.0 801.0 227.0 837.0 218.0 826.0 ship 0
274.0 811.0 285.0 822.0 250.0 859.0 239.0 848.0 ship 0
917.0 384.0 925.0 392.0 902.0 412.0 895.0 405.0 ship 0
912.0 931.0 899.0 944.0 857.0 896.0 869.0 884.0 ship 0
705.0 1017.0 696.0 1024.0 667.0 999.0 676.0 989.0 ship 0
682.0 989.0 690.0 979.0 715.0 1005.0 708.0 1013.0 ship 0
748.0 988.0 762.0 974.0 806.0 1022.0 785.0 1024.0 ship 0
695.0 1022.0 711.0 1010.0 723.0 1024.0 696.0 1024.0 ship 2
836.0 979.0 827.0 989.0 784.0 951.0 795.0 939.0 ship 0
798.0 937.0 810.0 928.0 853.0 973.0 843.0 983.0 ship 0
813.0 928.0 826.0 918.0 861.0 961.0 849.0 971.0 ship 0
877.0 950.0 865.0 961.0 825.0 917.0 837.0 906.0 ship 0
894.0 940.0 882.0 952.0 839.0 906.0 852.0 893.0 ship 0
921.0 912.0 910.0 924.0 865.0 881.0 875.0 868.0 ship 0
285.0 822.0 296.0 833.0 262.0 870.0 252.0 860.0 ship 0
877.0 864.0 889.0 853.0 926.0 890.0 916.0 902.0 ship 0
947.0 883.0 936.0 897.0 886.0 851.0 897.0 839.0 ship 0
965.0 872.0 953.0 888.0 899.0 839.0 912.0 825.0 ship 0
914.0 826.0 925.0 814.0 965.0 852.0 955.0 863.0 ship 0
929.0 816.0 943.0 803.0 984.0 844.0 971.0 856.0 ship 0
991.0 831.0 981.0 841.0 947.0 804.0 957.0 794.0 ship 0
952.0 789.0 961.0 778.0 998.0 813.0 988.0 823.0 ship 0
1014.0 804.0 1006.0 816.0 962.0 778.0 971.0 766.0 ship 0
975.0 765.0 986.0 754.0 1017.0 787.0 1007.0 796.0 ship 0
984.0 453.0 991.0 461.0 967.0 484.0 959.0 477.0 ship 0
969.0 437.0 976.0 444.0 955.0 464.0 947.0 456.0 ship 0
948.0 416.0 956.0 424.0 937.0 444.0 928.0 436.0 ship 0
937.0 409.0 945.0 415.0 926.0 441.0 918.0 435.0 ship 0
933.0 399.0 941.0 407.0 919.0 428.0 910.0 419.0 ship 0
720.0 938.0 727.0 930.0 749.0 953.0 741.0 960.0 ship 0
728.0 920.0 736.0 911.0 767.0 941.0 758.0 950.0 ship 0
708.0 941.0 698.0 929.0 727.0 902.0 737.0 912.0 ship 0
695.0 892.0 687.0 898.0 667.0 874.0 675.0 868.0 ship 0
297.0 833.0 307.0 844.0 272.0 880.0 263.0 870.0 ship 0
308.0 845.0 318.0 855.0 284.0 889.0 274.0 879.0 ship 0
316.0 857.0 327.0 868.0 294.0 900.0 284.0 890.0 ship 0
327.0 867.0 338.0 878.0 307.0 909.0 296.0 898.0 ship 0
316.0 927.0 305.0 914.0 339.0 881.0 349.0 894.0 ship 0
326.0 937.0 316.0 927.0 352.0 892.0 361.0 901.0 ship 0
341.0 944.0 330.0 932.0 361.0 902.0 373.0 914.0 ship 0
373.0 914.0 384.0 924.0 348.0 965.0 336.0 952.0 ship 0
362.0 970.0 352.0 960.0 384.0 925.0 395.0 936.0 ship 0
395.0 936.0 406.0 946.0 370.0 986.0 359.0 976.0 ship 0
406.0 947.0 417.0 958.0 383.0 994.0 371.0 984.0 ship 0
426.0 971.0 436.0 980.0 405.0 1014.0 394.0 1003.0 ship 0
416.0 962.0 426.0 971.0 394.0 1003.0 385.0 993.0 ship 0
415.0 1024.0 405.0 1016.0 439.0 981.0 449.0 992.0 ship 0
546.0 967.0 559.0 959.0 592.0 1004.0 581.0 1013.0 ship 0
565.0 953.0 576.0 944.0 610.0 984.0 600.0 994.0 ship 0
586.0 936.0 599.0 926.0 627.0 961.0 614.0 971.0 ship 0
695.0 925.0 685.0 915.0 713.0 886.0 723.0 896.0 ship 0
708.0 884.0 700.0 893.0 668.0 862.0 678.0 852.0 ship 0
544.0 822.0 535.0 813.0 561.0 785.0 571.0 795.0 ship 0
533.0 812.0 524.0 803.0 554.0 772.0 564.0 781.0 ship 0
524.0 802.0 516.0 794.0 544.0 764.0 552.0 773.0 ship 0
526.0 327.0 518.0 321.0 544.0 294.0 553.0 302.0 ship 0
689.0 493.0 682.0 485.0 704.0 461.0 712.0 468.0 ship 0
680.0 485.0 673.0 478.0 693.0 455.0 701.0 463.0 ship 0
673.0 478.0 666.0 470.0 685.0 449.0 692.0 456.0 ship 0
666.0 469.0 658.0 462.0 679.0 439.0 687.0 446.0 ship 0
657.0 461.0 648.0 452.0 670.0 429.0 680.0 438.0 ship 0
641.0 446.0 633.0 438.0 656.0 413.0 665.0 420.0 ship 0
631.0 435.0 625.0 429.0 649.0 405.0 655.0 412.0 ship 0
638.0 395.0 648.0 402.0 625.0 428.0 616.0 419.0 ship 0
616.0 417.0 607.0 407.0 633.0 385.0 641.0 393.0 ship 0
610.0 362.0 617.0 371.0 590.0 396.0 581.0 388.0 ship 0
576.0 379.0 567.0 370.0 590.0 343.0 600.0 353.0 ship 0
566.0 370.0 559.0 362.0 578.0 342.0 585.0 349.0 ship 0
559.0 362.0 550.0 353.0 573.0 328.0 582.0 337.0 ship 0
551.0 304.0 560.0 312.0 535.0 335.0 527.0 327.0 ship 0
533.0 290.0 541.0 297.0 517.0 319.0 510.0 312.0 ship 0
552.0 161.0 547.0 153.0 573.0 135.0 579.0 144.0 ship 0
509.0 311.0 502.0 304.0 525.0 282.0 531.0 289.0 ship 0
501.0 300.0 495.0 293.0 520.0 270.0 527.0 277.0 ship 0
513.0 261.0 520.0 268.0 495.0 292.0 489.0 285.0 ship 0
471.0 150.0 463.0 143.0 489.0 117.0 496.0 125.0 ship 0
506.0 133.0 513.0 140.0 496.0 157.0 489.0 150.0 ship 0
513.0 143.0 520.0 149.0 500.0 169.0 493.0 162.0 ship 0
544.0 176.0 553.0 185.0 530.0 210.0 522.0 202.0 ship 0
554.0 186.0 562.0 194.0 540.0 219.0 531.0 211.0 ship 0
564.0 195.0 572.0 204.0 548.0 226.0 539.0 219.0 ship 0
578.0 211.0 585.0 218.0 561.0 240.0 554.0 234.0 ship 0
586.0 218.0 594.0 227.0 571.0 249.0 562.0 241.0 ship 0
601.0 234.0 612.0 244.0 586.0 274.0 575.0 264.0 ship 0
605.0 281.0 597.0 272.0 619.0 252.0 626.0 260.0 ship 0
627.0 261.0 634.0 269.0 612.0 290.0 605.0 282.0 ship 0
712.0 471.0 720.0 479.0 698.0 503.0 690.0 494.0 ship 0
709.0 510.0 700.0 501.0 723.0 476.0 732.0 486.0 ship 0
722.0 527.0 714.0 519.0 732.0 498.0 741.0 507.0 ship 0
744.0 504.0 753.0 512.0 733.0 535.0 723.0 526.0 ship 0
575.0 403.0 584.0 413.0 557.0 440.0 548.0 431.0 ship 0
575.0 460.0 566.0 448.0 594.0 423.0 604.0 433.0 ship 0
587.0 468.0 578.0 459.0 605.0 432.0 613.0 442.0 ship 0
593.0 486.0 584.0 476.0 613.0 444.0 622.0 452.0 ship 0
624.0 453.0 633.0 462.0 608.0 487.0 599.0 477.0 ship 0
628.0 464.0 639.0 472.0 614.0 506.0 603.0 496.0 ship 0
626.0 508.0 618.0 497.0 643.0 472.0 654.0 483.0 ship 0
653.0 482.0 662.0 492.0 634.0 519.0 624.0 510.0 ship 0
662.0 491.0 672.0 502.0 643.0 531.0 633.0 521.0 ship 0
655.0 535.0 645.0 524.0 672.0 501.0 680.0 512.0 ship 0
667.0 548.0 657.0 539.0 684.0 511.0 693.0 520.0 ship 0
692.0 522.0 701.0 531.0 676.0 557.0 666.0 548.0 ship 0
681.0 571.0 672.0 559.0 702.0 531.0 712.0 542.0 ship 0
690.0 581.0 682.0 570.0 712.0 542.0 721.0 551.0 ship 0
721.0 551.0 730.0 561.0 707.0 587.0 697.0 577.0 ship 0
711.0 599.0 703.0 589.0 731.0 561.0 740.0 571.0 ship 0
740.0 571.0 750.0 581.0 716.0 612.0 707.0 601.0 ship 0
736.0 611.0 730.0 604.0 753.0 584.0 759.0 591.0 ship 0
760.0 591.0 769.0 601.0 741.0 630.0 731.0 619.0 ship 0
779.0 611.0 789.0 621.0 759.0 650.0 750.0 640.0 ship 0
789.0 621.0 798.0 631.0 770.0 658.0 762.0 649.0 ship 0
827.0 587.0 836.0 593.0 815.0 619.0 807.0 610.0 ship 0
799.0 538.0 806.0 530.0 828.0 549.0 820.0 558.0 ship 0
790.0 595.0 780.0 587.0 804.0 560.0 814.0 569.0 ship 0
780.0 586.0 772.0 578.0 795.0 550.0 805.0 559.0 ship 0
771.0 578.0 763.0 569.0 782.0 548.0 791.0 555.0 ship 0
763.0 569.0 755.0 560.0 778.0 537.0 786.0 545.0 ship 0
747.0 552.0 739.0 545.0 759.0 525.0 766.0 533.0 ship 0
739.0 544.0 731.0 537.0 753.0 511.0 763.0 520.0 ship 0
543.0 152.0 539.0 144.0 563.0 128.0 568.0 136.0 ship 0
569.0 175.0 562.0 167.0 584.0 148.0 590.0 156.0 ship 0
556.0 383.0 564.0 391.0 536.0 419.0 529.0 410.0 ship 0
145.0 908.0 157.0 920.0 124.0 954.0 114.0 943.0 ship 0
12.0 777.0 22.0 787.0 1.0 809.0 1.0 788.0 ship 2
27.0 786.0 37.0 796.0 1.0 832.0 1.0 813.0 ship 0
33.0 802.0 43.0 812.0 10.0 845.0 0.0 835.0 ship 0
49.0 808.0 60.0 820.0 22.0 856.0 12.0 846.0 ship 0
31.0 864.0 24.0 858.0 44.0 837.0 51.0 844.0 ship 0
76.0 842.0 88.0 851.0 52.0 889.0 41.0 878.0 ship 0
88.0 855.0 99.0 864.0 63.0 899.0 54.0 889.0 ship 0
95.0 870.0 105.0 880.0 75.0 911.0 65.0 900.0 ship 0
104.0 882.0 112.0 891.0 85.0 922.0 74.0 913.0 ship 0
119.0 886.0 132.0 898.0 101.0 932.0 88.0 920.0 ship 0
131.0 898.0 142.0 909.0 113.0 944.0 101.0 932.0 ship 0
156.0 922.0 165.0 930.0 130.0 968.0 119.0 958.0 ship 0
576.0 183.0 569.0 175.0 591.0 157.0 598.0 165.0 ship 0
139.0 980.0 128.0 971.0 157.0 940.0 167.0 951.0 ship 0
176.0 941.0 189.0 952.0 152.0 991.0 140.0 980.0 ship 0
193.0 950.0 205.0 962.0 163.0 1003.0 152.0 992.0 ship 0
199.0 970.0 210.0 983.0 174.0 1014.0 165.0 1003.0 ship 0
217.0 997.0 225.0 1006.0 203.0 1024.0 185.0 1024.0 ship 0
655.0 115.0 661.0 120.0 637.0 146.0 630.0 139.0 ship 0
663.0 122.0 669.0 129.0 644.0 151.0 639.0 144.0 ship 0
670.0 132.0 675.0 139.0 650.0 161.0 644.0 154.0 ship 0
675.0 140.0 683.0 147.0 661.0 171.0 653.0 165.0 ship 0
586.0 192.0 578.0 186.0 592.0 168.0 600.0 174.0 ship 0
600.0 207.0 593.0 198.0 614.0 179.0 622.0 187.0 ship 0
620.0 189.0 627.0 196.0 608.0 214.0 602.0 208.0 ship 0
623.0 229.0 616.0 221.0 635.0 202.0 643.0 210.0 ship 0
646.0 210.0 654.0 217.0 630.0 239.0 623.0 231.0 ship 0
656.0 217.0 663.0 224.0 640.0 245.0 632.0 238.0 ship 0
654.0 262.0 646.0 253.0 669.0 232.0 677.0 240.0 ship 0
661.0 267.0 654.0 261.0 677.0 241.0 682.0 247.0 ship 0
667.0 277.0 660.0 270.0 683.0 247.0 691.0 256.0 ship 0
675.0 283.0 668.0 276.0 690.0 257.0 695.0 264.0 ship 0
699.0 261.0 708.0 270.0 683.0 293.0 675.0 284.0 ship 0
690.0 301.0 683.0 293.0 706.0 272.0 713.0 281.0 ship 0
700.0 307.0 694.0 299.0 713.0 282.0 719.0 291.0 ship 0
635.0 268.0 643.0 276.0 622.0 298.0 613.0 290.0 ship 0
643.0 276.0 651.0 283.0 630.0 306.0 622.0 298.0 ship 0
653.0 284.0 660.0 293.0 639.0 313.0 630.0 305.0 ship 0
661.0 294.0 668.0 301.0 648.0 320.0 642.0 312.0 ship 0
668.0 301.0 676.0 309.0 655.0 333.0 645.0 324.0 ship 0
691.0 325.0 700.0 334.0 677.0 358.0 668.0 348.0 ship 0
700.0 337.0 708.0 345.0 689.0 364.0 682.0 357.0 ship 0
708.0 345.0 715.0 351.0 696.0 373.0 688.0 367.0 ship 0
715.0 352.0 724.0 359.0 705.0 382.0 696.0 375.0 ship 0
710.0 390.0 703.0 382.0 726.0 360.0 734.0 369.0 ship 0
734.0 370.0 741.0 377.0 719.0 397.0 712.0 390.0 ship 0
742.0 377.0 751.0 386.0 726.0 408.0 718.0 398.0 ship 0
758.0 391.0 765.0 399.0 741.0 420.0 735.0 412.0 ship 0
701.0 163.0 707.0 170.0 689.0 185.0 684.0 178.0 ship 0
679.0 184.0 672.0 177.0 691.0 154.0 699.0 161.0 ship 0
684.0 147.0 691.0 153.0 669.0 178.0 662.0 171.0 ship 0
563.0 394.0 572.0 402.0 546.0 430.0 537.0 422.0 ship 0
544.0 374.0 553.0 384.0 524.0 413.0 515.0 404.0 ship 0
515.0 793.0 505.0 783.0 536.0 752.0 546.0 761.0 ship 0
486.0 548.0 494.0 556.0 469.0 583.0 462.0 576.0 ship 0
330.0 391.0 339.0 400.0 307.0 427.0 299.0 416.0 ship 0
340.0 400.0 350.0 411.0 313.0 442.0 305.0 430.0 ship 0
350.0 412.0 359.0 421.0 329.0 450.0 320.0 441.0 ship 0
337.0 465.0 327.0 455.0 359.0 420.0 371.0 431.0 ship 0
371.0 430.0 378.0 438.0 352.0 466.0 345.0 458.0 ship 0
388.0 451.0 397.0 460.0 368.0 491.0 359.0 482.0 ship 0
402.0 459.0 413.0 471.0 378.0 505.0 368.0 495.0 ship 0
420.0 478.0 428.0 487.0 400.0 516.0 391.0 507.0 ship 0
410.0 528.0 401.0 518.0 428.0 489.0 438.0 499.0 ship 0
439.0 500.0 447.0 509.0 422.0 533.0 413.0 525.0 ship 0
448.0 509.0 457.0 518.0 426.0 549.0 417.0 540.0 ship 0
458.0 521.0 466.0 531.0 436.0 559.0 428.0 549.0 ship 0
466.0 532.0 474.0 540.0 450.0 566.0 441.0 558.0 ship 0
476.0 539.0 485.0 548.0 461.0 574.0 452.0 567.0 ship 0
475.0 598.0 466.0 588.0 497.0 558.0 506.0 569.0 ship 0
661.0 726.0 670.0 734.0 638.0 768.0 630.0 758.0 ship 0
487.0 606.0 479.0 597.0 506.0 570.0 515.0 579.0 ship 0
515.0 579.0 524.0 588.0 498.0 616.0 489.0 607.0 ship 0
527.0 589.0 535.0 595.0 521.0 612.0 514.0 606.0 ship 0
536.0 598.0 545.0 607.0 516.0 633.0 508.0 623.0 ship 0
549.0 608.0 556.0 618.0 523.0 644.0 516.0 634.0 ship 0
555.0 618.0 562.0 626.0 538.0 652.0 530.0 643.0 ship 0
564.0 627.0 572.0 636.0 544.0 663.0 536.0 653.0 ship 0
557.0 669.0 549.0 664.0 572.0 637.0 579.0 644.0 ship 0
585.0 648.0 594.0 659.0 563.0 683.0 554.0 671.0 ship 0
599.0 658.0 605.0 666.0 573.0 693.0 566.0 685.0 ship 0
583.0 709.0 573.0 698.0 602.0 670.0 612.0 679.0 ship 0
623.0 687.0 632.0 695.0 605.0 721.0 597.0 712.0 ship 0
634.0 698.0 642.0 706.0 613.0 735.0 605.0 728.0 ship 0
644.0 708.0 653.0 716.0 624.0 747.0 614.0 738.0 ship 0
321.0 380.0 330.0 389.0 304.0 413.0 296.0 404.0 ship 0
313.0 369.0 321.0 378.0 292.0 407.0 284.0 398.0 ship 0
303.0 359.0 312.0 367.0 282.0 398.0 273.0 389.0 ship 0
293.0 350.0 302.0 359.0 268.0 391.0 260.0 382.0 ship 0
506.0 782.0 497.0 774.0 526.0 744.0 534.0 752.0 ship 0
496.0 773.0 486.0 763.0 512.0 736.0 524.0 747.0 ship 0
485.0 762.0 477.0 754.0 501.0 728.0 509.0 735.0 ship 0
502.0 709.0 510.0 719.0 477.0 750.0 468.0 740.0 ship 0
458.0 734.0 447.0 724.0 477.0 693.0 488.0 704.0 ship 0
447.0 723.0 438.0 715.0 465.0 686.0 475.0 697.0 ship 0
438.0 712.0 429.0 702.0 459.0 674.0 468.0 684.0 ship 0
429.0 702.0 419.0 692.0 451.0 661.0 461.0 670.0 ship 0
419.0 692.0 409.0 683.0 439.0 651.0 449.0 662.0 ship 0
408.0 682.0 398.0 670.0 425.0 645.0 434.0 656.0 ship 0
389.0 663.0 381.0 655.0 408.0 624.0 418.0 634.0 ship 0
395.0 619.0 405.0 627.0 380.0 655.0 372.0 646.0 ship 0
368.0 642.0 360.0 633.0 388.0 606.0 397.0 614.0 ship 0
383.0 592.0 392.0 601.0 360.0 633.0 351.0 622.0 ship 0
350.0 622.0 342.0 613.0 367.0 588.0 376.0 598.0 ship 0
330.0 602.0 322.0 595.0 343.0 573.0 351.0 581.0 ship 0
323.0 592.0 314.0 583.0 343.0 556.0 353.0 565.0 ship 0
312.0 585.0 302.0 575.0 330.0 548.0 340.0 558.0 ship 0
302.0 575.0 292.0 565.0 326.0 529.0 337.0 539.0 ship 0
293.0 564.0 283.0 555.0 309.0 525.0 320.0 535.0 ship 0
274.0 545.0 264.0 536.0 291.0 506.0 302.0 516.0 ship 0
263.0 534.0 253.0 524.0 280.0 500.0 289.0 509.0 ship 0
244.0 515.0 235.0 505.0 264.0 474.0 276.0 484.0 ship 0
233.0 503.0 226.0 496.0 254.0 468.0 261.0 475.0 ship 0
243.0 458.0 252.0 468.0 225.0 495.0 215.0 485.0 ship 0
213.0 484.0 205.0 474.0 233.0 442.0 245.0 453.0 ship 0
197.0 466.0 187.0 456.0 213.0 427.0 223.0 439.0 ship 0
277.0 331.0 284.0 340.0 261.0 356.0 254.0 348.0 ship 0
284.0 338.0 293.0 349.0 262.0 377.0 254.0 368.0 ship 0
653.0 717.0 661.0 726.0 631.0 755.0 624.0 747.0 ship 0
649.0 769.0 643.0 760.0 672.0 736.0 679.0 746.0 ship 0
526.0 352.0 536.0 362.0 503.0 394.0 494.0 384.0 ship 0
461.0 261.0 452.0 253.0 472.0 228.0 482.0 236.0 ship 0
362.0 398.0 353.0 390.0 377.0 358.0 388.0 365.0 ship 0
374.0 344.0 384.0 352.0 354.0 385.0 344.0 375.0 ship 0
343.0 376.0 335.0 368.0 359.0 343.0 368.0 351.0 ship 0
335.0 367.0 325.0 358.0 352.0 331.0 362.0 339.0 ship 0
324.0 358.0 315.0 349.0 343.0 319.0 353.0 328.0 ship 0
315.0 347.0 306.0 338.0 336.0 308.0 345.0 316.0 ship 0
307.0 335.0 298.0 327.0 322.0 298.0 333.0 308.0 ship 0
313.0 289.0 323.0 298.0 295.0 328.0 284.0 318.0 ship 0
390.0 215.0 399.0 225.0 370.0 251.0 363.0 241.0 ship 0
411.0 210.0 404.0 202.0 429.0 177.0 437.0 185.0 ship 0
419.0 216.0 412.0 208.0 439.0 185.0 445.0 193.0 ship 0
441.0 192.0 450.0 199.0 427.0 227.0 418.0 220.0 ship 0
433.0 235.0 427.0 228.0 444.0 211.0 451.0 220.0 ship 0
445.0 241.0 437.0 233.0 460.0 210.0 468.0 217.0 ship 0
470.0 267.0 462.0 259.0 485.0 234.0 494.0 242.0 ship 0
657.0 788.0 645.0 776.0 678.0 744.0 690.0 756.0 ship 0
420.0 244.0 428.0 252.0 399.0 280.0 392.0 272.0 ship 0
411.0 290.0 402.0 282.0 427.0 255.0 435.0 264.0 ship 0
438.0 264.0 447.0 274.0 420.0 302.0 410.0 293.0 ship 0
448.0 274.0 457.0 283.0 429.0 313.0 421.0 304.0 ship 0
456.0 286.0 464.0 294.0 440.0 322.0 431.0 314.0 ship 0
467.0 293.0 476.0 303.0 448.0 332.0 439.0 323.0 ship 0
477.0 277.0 470.0 270.0 491.0 246.0 500.0 254.0 ship 0
485.0 286.0 477.0 278.0 498.0 257.0 506.0 266.0 ship 0
453.0 347.0 443.0 336.0 477.0 303.0 487.0 313.0 ship 0
488.0 314.0 497.0 324.0 469.0 349.0 461.0 339.0 ship 0
497.0 325.0 505.0 334.0 476.0 359.0 469.0 350.0 ship 0
507.0 333.0 514.0 343.0 487.0 367.0 480.0 357.0 ship 0
499.0 378.0 489.0 367.0 518.0 342.0 526.0 352.0 ship 0
535.0 363.0 543.0 373.0 514.0 403.0 505.0 393.0 ship 0
371.0 409.0 363.0 400.0 391.0 373.0 399.0 381.0 ship 0
381.0 418.0 372.0 410.0 402.0 378.0 413.0 387.0 ship 0
403.0 397.0 411.0 403.0 393.0 423.0 386.0 416.0 ship 0
401.0 437.0 392.0 427.0 422.0 398.0 430.0 408.0 ship 0
723.0 702.0 732.0 711.0 704.0 743.0 694.0 735.0 ship 0
712.0 694.0 722.0 704.0 692.0 734.0 683.0 725.0 ship 0
701.0 685.0 711.0 694.0 683.0 724.0 674.0 716.0 ship 0
691.0 673.0 702.0 682.0 674.0 715.0 663.0 705.0 ship 0
685.0 660.0 695.0 668.0 663.0 703.0 653.0 693.0 ship 0
654.0 692.0 646.0 685.0 674.0 654.0 683.0 662.0 ship 0
664.0 645.0 674.0 653.0 647.0 681.0 638.0 672.0 ship 0
651.0 640.0 659.0 648.0 634.0 673.0 627.0 665.0 ship 0
640.0 631.0 649.0 640.0 627.0 664.0 617.0 655.0 ship 0
628.0 604.0 638.0 613.0 607.0 645.0 597.0 635.0 ship 0
596.0 636.0 587.0 626.0 613.0 599.0 624.0 609.0 ship 0
587.0 624.0 578.0 613.0 606.0 585.0 616.0 596.0 ship 0
597.0 576.0 605.0 586.0 575.0 616.0 566.0 606.0 ship 0
567.0 604.0 557.0 595.0 583.0 568.0 593.0 576.0 ship 0
558.0 594.0 549.0 585.0 575.0 555.0 585.0 565.0 ship 0
548.0 586.0 540.0 579.0 564.0 547.0 572.0 554.0 ship 0
555.0 541.0 563.0 549.0 537.0 577.0 528.0 567.0 ship 0
544.0 516.0 562.0 534.0 527.0 566.0 510.0 547.0 ship 0
513.0 539.0 507.0 532.0 529.0 511.0 535.0 518.0 ship 0
499.0 536.0 490.0 526.0 516.0 500.0 526.0 510.0 ship 0
508.0 485.0 518.0 494.0 490.0 525.0 480.0 517.0 ship 0
480.0 515.0 471.0 505.0 497.0 479.0 505.0 487.0 ship 0
487.0 467.0 498.0 476.0 469.0 507.0 459.0 497.0 ship 0
476.0 459.0 486.0 467.0 459.0 497.0 450.0 487.0 ship 0
450.0 486.0 443.0 477.0 473.0 448.0 480.0 456.0 ship 0
461.0 437.0 471.0 445.0 442.0 478.0 432.0 467.0 ship 0
446.0 435.0 453.0 444.0 433.0 465.0 424.0 456.0 ship 0
438.0 417.0 449.0 426.0 423.0 456.0 412.0 446.0 ship 0
431.0 407.0 439.0 415.0 412.0 444.0 404.0 436.0 ship 0
486.0 117.0 498.0 107.0 916.0 530.0 906.0 540.0 harbor 0
