807.0 173.0 800.0 166.0 817.0 151.0 823.0 158.0 ship 0
879.0 208.0 888.0 215.0 870.0 235.0 861.0 228.0 ship 0
862.0 226.0 855.0 219.0 873.0 198.0 882.0 205.0 ship 0
867.0 190.0 874.0 197.0 856.0 217.0 849.0 211.0 ship 0
840.0 204.0 832.0 196.0 850.0 177.0 859.0 185.0 ship 0
828.0 194.0 823.0 187.0 845.0 169.0 851.0 176.0 ship 0
823.0 186.0 817.0 177.0 839.0 159.0 847.0 168.0 ship 0
899.0 120.0 907.0 128.0 882.0 150.0 875.0 142.0 ship 0
891.0 111.0 899.0 118.0 875.0 142.0 867.0 134.0 ship 0
884.0 102.0 891.0 111.0 872.0 129.0 865.0 122.0 ship 0
876.0 95.0 884.0 102.0 862.0 125.0 855.0 118.0 ship 0
869.0 87.0 875.0 94.0 854.0 113.0 846.0 105.0 ship 0
862.0 80.0 869.0 87.0 848.0 104.0 842.0 96.0 ship 0
852.0 73.0 858.0 79.0 839.0 99.0 831.0 92.0 ship 0
816.0 179.0 809.0 171.0 835.0 148.0 841.0 156.0 ship 0
801.0 164.0 795.0 157.0 816.0 138.0 823.0 146.0 ship 0
853.0 243.0 861.0 251.0 839.0 273.0 831.0 266.0 ship 0
809.0 130.0 816.0 138.0 793.0 158.0 786.0 151.0 ship 0
385.0 437.0 394.0 446.0 367.0 476.0 357.0 466.0 ship 0
395.0 447.0 404.0 457.0 376.0 484.0 367.0 475.0 ship 0
404.0 458.0 413.0 468.0 383.0 495.0 375.0 485.0 ship 0
391.0 513.0 380.0 502.0 414.0 466.0 425.0 478.0 ship 0
423.0 479.0 431.0 486.0 404.0 520.0 395.0 511.0 ship 0
412.0 530.0 403.0 520.0 434.0 486.0 444.0 497.0 ship 0
444.0 496.0 453.0 505.0 423.0 538.0 414.0 529.0 ship 0
453.0 505.0 463.0 515.0 436.0 547.0 426.0 539.0 ship 0
441.0 559.0 432.0 549.0 460.0 519.0 470.0 529.0 ship 0
456.0 565.0 447.0 554.0 473.0 528.0 483.0 539.0 ship 0
482.0 539.0 491.0 549.0 464.0 571.0 456.0 562.0 ship 0
492.0 546.0 503.0 557.0 470.0 586.0 460.0 576.0 ship 0
503.0 557.0 513.0 566.0 481.0 596.0 472.0 585.0 ship 0
889.0 219.0 896.0 227.0 876.0 243.0 870.0 235.0 ship 0
862.0 251.0 870.0 258.0 851.0 278.0 843.0 270.0 ship 0
922.0 289.0 915.0 282.0 936.0 262.0 943.0 269.0 ship 0
952.0 172.0 959.0 179.0 938.0 199.0 930.0 192.0 ship 0
939.0 157.0 944.0 163.0 925.0 180.0 919.0 174.0 ship 0
1009.0 373.0 1002.0 366.0 1023.0 345.0 1024.0 357.0 ship 0
1000.0 366.0 992.0 358.0 1012.0 337.0 1021.0 346.0 ship 0
991.0 358.0 983.0 350.0 1003.0 331.0 1010.0 339.0 ship 0
980.0 370.0 986.0 378.0 961.0 399.0 955.0 391.0 ship 0
970.0 361.0 977.0 368.0 949.0 394.0 942.0 385.0 ship 0
976.0 343.0 969.0 335.0 989.0 316.0 996.0 324.0 ship 0
970.0 333.0 964.0 326.0 984.0 307.0 991.0 314.0 ship 0
975.0 301.0 983.0 310.0 961.0 329.0 954.0 320.0 ship 0
953.0 320.0 946.0 314.0 965.0 295.0 971.0 302.0 ship 0
948.0 311.0 941.0 304.0 962.0 279.0 971.0 287.0 ship 0
951.0 274.0 959.0 282.0 938.0 305.0 931.0 297.0 ship 0
944.0 267.0 951.0 274.0 932.0 296.0 924.0 289.0 ship 0
916.0 281.0 908.0 272.0 928.0 253.0 936.0 261.0 ship 0
854.0 293.0 846.0 285.0 869.0 259.0 878.0 268.0 ship 0
908.0 273.0 902.0 266.0 920.0 249.0 926.0 255.0 ship 0
900.0 265.0 893.0 257.0 916.0 236.0 924.0 245.0 ship 0
890.0 258.0 885.0 250.0 905.0 232.0 911.0 241.0 ship 0
885.0 249.0 879.0 242.0 895.0 226.0 902.0 233.0 ship 0
962.0 353.0 968.0 360.0 944.0 383.0 936.0 375.0 ship 0
952.0 342.0 960.0 351.0 936.0 374.0 928.0 366.0 ship 0
944.0 336.0 950.0 344.0 927.0 365.0 920.0 358.0 ship 0
936.0 328.0 943.0 334.0 924.0 354.0 916.0 347.0 ship 0
919.0 312.0 927.0 320.0 904.0 342.0 896.0 334.0 ship 0
912.0 303.0 919.0 311.0 895.0 335.0 887.0 327.0 ship 0
903.0 295.0 910.0 304.0 886.0 327.0 879.0 319.0 ship 0
896.0 285.0 905.0 293.0 883.0 313.0 875.0 305.0 ship 0
886.0 278.0 894.0 287.0 872.0 310.0 864.0 302.0 ship 0
877.0 269.0 886.0 278.0 861.0 303.0 853.0 295.0 ship 0
510.0 568.0 520.0 578.0 491.0 608.0 482.0 598.0 ship 0
523.0 576.0 532.0 586.0 506.0 614.0 497.0 604.0 ship 0
537.0 597.0 548.0 606.0 520.0 637.0 509.0 627.0 ship 0
251.0 299.0 260.0 308.0 235.0 335.0 226.0 327.0 ship 0
299.0 562.0 290.0 552.0 320.0 523.0 329.0 534.0 ship 0
287.0 555.0 277.0 546.0 309.0 513.0 320.0 523.0 ship 0
277.0 546.0 268.0 537.0 298.0 503.0 308.0 515.0 ship 0
286.0 496.0 295.0 505.0 268.0 535.0 258.0 525.0 ship 0
257.0 524.0 247.0 515.0 270.0 490.0 281.0 500.0 ship 0
251.0 513.0 241.0 505.0 267.0 475.0 278.0 483.0 ship 0
239.0 504.0 230.0 495.0 259.0 463.0 268.0 473.0 ship 0
230.0 493.0 222.0 484.0 247.0 457.0 256.0 465.0 ship 0
221.0 483.0 213.0 475.0 242.0 442.0 250.0 451.0 ship 0
210.0 474.0 202.0 468.0 217.0 448.0 225.0 455.0 ship 0
200.0 465.0 191.0 456.0 214.0 431.0 223.0 439.0 ship 0
192.0 454.0 184.0 445.0 211.0 419.0 218.0 426.0 ship 0
182.0 443.0 173.0 433.0 200.0 407.0 208.0 418.0 ship 0
219.0 326.0 210.0 316.0 235.0 294.0 244.0 305.0 ship 0
243.0 346.0 234.0 337.0 260.0 309.0 269.0 318.0 ship 0
550.0 608.0 559.0 617.0 532.0 643.0 524.0 634.0 ship 0
270.0 320.0 278.0 330.0 250.0 355.0 242.0 346.0 ship 0
259.0 367.0 249.0 357.0 280.0 329.0 289.0 339.0 ship 0
299.0 351.0 308.0 361.0 274.0 392.0 265.0 382.0 ship 0
290.0 341.0 296.0 348.0 282.0 361.0 276.0 355.0 ship 0
307.0 360.0 316.0 367.0 295.0 393.0 286.0 386.0 ship 0
327.0 376.0 337.0 387.0 304.0 420.0 293.0 409.0 ship 0
338.0 389.0 347.0 397.0 322.0 422.0 314.0 414.0 ship 0
328.0 434.0 319.0 424.0 347.0 399.0 356.0 410.0 ship 0
336.0 449.0 326.0 439.0 355.0 410.0 365.0 419.0 ship 0
366.0 419.0 375.0 429.0 349.0 455.0 340.0 445.0 ship 0
691.0 664.0 699.0 673.0 670.0 703.0 660.0 694.0 ship 0
659.0 693.0 650.0 685.0 674.0 660.0 684.0 669.0 ship 0
650.0 684.0 642.0 676.0 668.0 648.0 677.0 656.0 ship 0
641.0 675.0 632.0 665.0 660.0 637.0 670.0 645.0 ship 0
305.0 573.0 298.0 566.0 316.0 547.0 324.0 555.0 ship 0
342.0 541.0 361.0 560.0 328.0 593.0 309.0 574.0 ship 0
336.0 604.0 329.0 596.0 359.0 564.0 367.0 573.0 ship 0
356.0 623.0 347.0 613.0 374.0 584.0 384.0 593.0 ship 0
559.0 617.0 568.0 626.0 540.0 661.0 529.0 651.0 ship 0
567.0 628.0 577.0 636.0 553.0 663.0 545.0 655.0 ship 0
577.0 637.0 587.0 646.0 559.0 675.0 550.0 666.0 ship 0
584.0 649.0 593.0 659.0 569.0 684.0 559.0 674.0 ship 0
600.0 656.0 609.0 666.0 579.0 692.0 571.0 682.0 ship 0
608.0 666.0 618.0 675.0 587.0 703.0 579.0 693.0 ship 0
618.0 676.0 627.0 686.0 597.0 715.0 589.0 705.0 ship 0
629.0 687.0 637.0 696.0 609.0 723.0 600.0 713.0 ship 0
619.0 736.0 609.0 725.0 639.0 696.0 649.0 706.0 ship 0
645.0 711.0 653.0 720.0 627.0 745.0 619.0 738.0 ship 0
574.0 777.0 583.0 788.0 551.0 819.0 541.0 811.0 ship 0
560.0 769.0 571.0 780.0 541.0 812.0 530.0 801.0 ship 0
531.0 801.0 520.0 793.0 544.0 766.0 554.0 775.0 ship 0
522.0 789.0 513.0 782.0 535.0 755.0 545.0 762.0 ship 0
527.0 744.0 537.0 753.0 510.0 782.0 501.0 774.0 ship 0
500.0 770.0 492.0 761.0 517.0 734.0 526.0 742.0 ship 0
492.0 761.0 484.0 753.0 505.0 729.0 514.0 737.0 ship 0
483.0 752.0 473.0 742.0 504.0 710.0 515.0 721.0 ship 0
489.0 704.0 499.0 715.0 473.0 743.0 462.0 733.0 ship 0
462.0 733.0 453.0 724.0 479.0 694.0 490.0 703.0 ship 0
452.0 724.0 444.0 714.0 469.0 687.0 478.0 695.0 ship 0
443.0 711.0 435.0 704.0 458.0 674.0 467.0 682.0 ship 0
434.0 704.0 425.0 695.0 447.0 666.0 458.0 675.0 ship 0
445.0 650.0 455.0 658.0 425.0 692.0 414.0 683.0 ship 0
413.0 683.0 404.0 673.0 434.0 642.0 443.0 651.0 ship 0
396.0 662.0 387.0 654.0 412.0 624.0 422.0 632.0 ship 0
401.0 613.0 412.0 622.0 384.0 655.0 374.0 645.0 ship 0
375.0 643.0 366.0 634.0 392.0 605.0 402.0 615.0 ship 0
366.0 633.0 356.0 625.0 382.0 596.0 392.0 605.0 ship 0
960.0 182.0 966.0 189.0 949.0 204.0 942.0 197.0 ship 0
974.0 194.0 983.0 202.0 961.0 227.0 951.0 219.0 ship 0
989.0 212.0 996.0 219.0 979.0 236.0 972.0 229.0 ship 0
380.0 27.0 369.0 38.0 333.0 1.0 354.0 1.0 ship 0
393.0 16.0 382.0 25.0 357.0 1.0 377.0 1.0 ship 2
419.0 2.0 407.0 15.0 392.0 1.0 416.0 1.0 ship 2
324.0 691.0 314.0 679.0 351.0 642.0 361.0 653.0 ship 0
141.0 307.0 152.0 319.0 120.0 353.0 107.0 341.0 ship 0
150.0 415.0 142.0 406.0 164.0 379.0 174.0 388.0 ship 0
183.0 378.0 194.0 387.0 162.0 427.0 151.0 417.0 ship 0
187.0 400.0 195.0 409.0 171.0 434.0 162.0 426.0 ship 0
53.0 351.0 42.0 363.0 3.0 324.0 13.0 313.0 ship 0
47.0 372.0 32.0 385.0 1.0 349.0 1.0 324.0 ship 1
29.0 383.0 18.0 394.0 0.0 376.0 1.0 352.0 ship 1
236.0 604.0 224.0 590.0 260.0 554.0 272.0 566.0 ship 0
272.0 566.0 282.0 575.0 253.0 609.0 241.0 599.0 ship 0
284.0 577.0 295.0 588.0 261.0 622.0 250.0 610.0 ship 0
295.0 588.0 305.0 598.0 272.0 635.0 261.0 625.0 ship 0
307.0 597.0 318.0 608.0 286.0 641.0 276.0 631.0 ship 0
321.0 610.0 330.0 622.0 292.0 653.0 283.0 642.0 ship 0
329.0 622.0 340.0 632.0 301.0 670.0 291.0 659.0 ship 0
369.0 38.0 359.0 50.0 319.0 11.0 330.0 1.0 ship 0
357.0 54.0 347.0 64.0 307.0 23.0 317.0 11.0 ship 0
343.0 61.0 335.0 70.0 298.0 34.0 306.0 24.0 ship 0
323.0 64.0 314.0 72.0 287.0 42.0 296.0 34.0 ship 0
478.0 56.0 488.0 44.0 908.0 470.0 895.0 482.0 harbor 0
358.0 172.0 370.0 162.0 781.0 578.0 771.0 590.0 harbor 0
241.0 289.0 253.0 277.0 663.0 698.0 652.0 708.0 harbor 0
118.0 408.0 130.0 396.0 542.0 817.0 531.0 828.0 harbor 0
117.0 472.0 107.0 460.0 140.0 430.0 150.0 441.0 ship 0
90.0 458.0 79.0 445.0 117.0 409.0 128.0 420.0 ship 0
136.0 500.0 125.0 488.0 161.0 452.0 173.0 464.0 ship 0
173.0 464.0 183.0 474.0 150.0 509.0 139.0 498.0 ship 0
156.0 525.0 144.0 513.0 183.0 475.0 196.0 488.0 ship 0
196.0 488.0 206.0 498.0 171.0 534.0 160.0 522.0 ship 0
206.0 498.0 216.0 508.0 176.0 551.0 165.0 539.0 ship 0
216.0 508.0 227.0 518.0 198.0 554.0 186.0 543.0 ship 0
227.0 520.0 238.0 531.0 206.0 570.0 194.0 558.0 ship 0
224.0 573.0 212.0 563.0 239.0 531.0 250.0 543.0 ship 0
250.0 543.0 260.0 554.0 230.0 584.0 220.0 573.0 ship 0
155.0 241.0 144.0 253.0 108.0 218.0 119.0 207.0 ship 0
163.0 225.0 154.0 236.0 121.0 207.0 131.0 196.0 ship 0
179.0 215.0 170.0 225.0 130.0 194.0 140.0 182.0 ship 0
182.0 201.0 175.0 211.0 141.0 183.0 150.0 172.0 ship 0
204.0 201.0 193.0 212.0 153.0 170.0 164.0 159.0 ship 0
223.0 189.0 211.0 201.0 169.0 163.0 180.0 151.0 ship 0
185.0 143.0 194.0 133.0 229.0 166.0 220.0 176.0 ship 0
247.0 163.0 233.0 173.0 198.0 129.0 211.0 120.0 ship 0
255.0 138.0 245.0 148.0 210.0 116.0 221.0 105.0 ship 0
264.0 124.0 256.0 133.0 225.0 102.0 233.0 93.0 ship 0
246.0 85.0 254.0 74.0 285.0 101.0 277.0 111.0 ship 0
308.0 100.0 297.0 112.0 255.0 74.0 265.0 62.0 ship 0
303.0 79.0 294.0 87.0 269.0 61.0 277.0 52.0 ship 0
312.0 70.0 304.0 79.0 277.0 52.0 285.0 43.0 ship 0
340.0 631.0 350.0 643.0 314.0 679.0 305.0 668.0 ship 0
361.0 653.0 372.0 664.0 337.0 701.0 326.0 690.0 ship 0
1004.0 226.0 1012.0 234.0 989.0 254.0 982.0 247.0 ship 0
999.0 773.0 986.0 786.0 944.0 738.0 956.0 726.0 ship 0
792.0 859.0 783.0 867.0 754.0 841.0 763.0 831.0 ship 0
769.0 831.0 777.0 821.0 802.0 847.0 795.0 855.0 ship 0
813.0 916.0 804.0 925.0 776.0 896.0 786.0 887.0 ship 0
795.0 930.0 798.0 919.0 830.0 930.0 827.0 941.0 ship 0
805.0 943.0 812.0 936.0 833.0 956.0 824.0 964.0 ship 0
835.0 830.0 849.0 816.0 895.0 863.0 883.0 876.0 ship 0
838.0 882.0 849.0 872.0 884.0 906.0 873.0 917.0 ship 0
782.0 864.0 798.0 852.0 850.0 912.0 835.0 925.0 ship 0
884.0 906.0 894.0 906.0 895.0 925.0 886.0 926.0 ship 0
923.0 821.0 914.0 831.0 871.0 793.0 882.0 781.0 ship 0
885.0 779.0 897.0 770.0 940.0 815.0 930.0 825.0 ship 0
900.0 770.0 913.0 760.0 948.0 803.0 936.0 813.0 ship 0
964.0 792.0 952.0 803.0 912.0 759.0 924.0 748.0 ship 0
981.0 782.0 969.0 794.0 926.0 748.0 939.0 735.0 ship 0
1008.0 754.0 997.0 766.0 952.0 723.0 962.0 710.0 ship 0
372.0 664.0 383.0 675.0 349.0 712.0 339.0 702.0 ship 0
964.0 706.0 976.0 695.0 1013.0 732.0 1003.0 744.0 ship 0
1024.0 716.0 1023.0 738.0 973.0 693.0 984.0 681.0 ship 0
1024.0 689.0 1024.0 715.0 986.0 681.0 999.0 667.0 ship 2
1001.0 668.0 1012.0 656.0 1024.0 667.0 1024.0 688.0 ship 2
1024.0 251.0 1024.0 267.0 1013.0 283.0 1005.0 277.0 ship 0
1022.0 243.0 1024.0 252.0 1006.0 270.0 997.0 261.0 ship 0
807.0 780.0 814.0 772.0 836.0 795.0 828.0 802.0 ship 0
815.0 762.0 823.0 753.0 854.0 783.0 845.0 792.0 ship 0
795.0 783.0 785.0 771.0 814.0 744.0 824.0 754.0 ship 0
782.0 734.0 774.0 740.0 754.0 716.0 762.0 710.0 ship 0
384.0 675.0 394.0 686.0 359.0 722.0 350.0 712.0 ship 0
395.0 687.0 405.0 697.0 371.0 731.0 361.0 721.0 ship 0
403.0 699.0 414.0 710.0 381.0 742.0 371.0 732.0 ship 0
414.0 709.0 425.0 720.0 394.0 751.0 383.0 740.0 ship 0
403.0 769.0 392.0 756.0 426.0 723.0 436.0 736.0 ship 0
413.0 779.0 403.0 769.0 439.0 734.0 448.0 743.0 ship 0
428.0 786.0 417.0 774.0 448.0 744.0 460.0 756.0 ship 0
460.0 756.0 471.0 766.0 435.0 807.0 423.0 794.0 ship 0
449.0 812.0 439.0 802.0 471.0 767.0 482.0 778.0 ship 0
482.0 778.0 493.0 788.0 457.0 828.0 446.0 818.0 ship 0
493.0 789.0 504.0 800.0 470.0 836.0 458.0 826.0 ship 0
513.0 813.0 523.0 822.0 492.0 856.0 481.0 845.0 ship 0
503.0 804.0 513.0 813.0 481.0 845.0 472.0 835.0 ship 0
503.0 868.0 492.0 858.0 526.0 823.0 536.0 834.0 ship 0
546.0 916.0 535.0 928.0 486.0 884.0 498.0 871.0 ship 0
335.0 904.0 343.0 911.0 314.0 940.0 306.0 932.0 ship 0
360.0 896.0 374.0 910.0 322.0 962.0 309.0 947.0 ship 0
284.0 914.0 275.0 907.0 293.0 884.0 303.0 892.0 ship 0
245.0 973.0 238.0 966.0 255.0 948.0 262.0 954.0 ship 0
361.0 927.0 370.0 939.0 329.0 973.0 321.0 962.0 ship 0
389.0 957.0 397.0 969.0 346.0 1003.0 338.0 990.0 ship 0
394.0 973.0 403.0 987.0 355.0 1017.0 345.0 1005.0 ship 0
404.0 988.0 413.0 1003.0 380.0 1023.0 350.0 1023.0 ship 1
696.0 885.0 701.0 893.0 677.0 909.0 671.0 902.0 ship 0
633.0 809.0 646.0 801.0 679.0 846.0 668.0 855.0 ship 0
652.0 795.0 663.0 786.0 697.0 826.0 687.0 836.0 ship 0
673.0 778.0 686.0 768.0 714.0 803.0 701.0 813.0 ship 0
782.0 767.0 772.0 757.0 800.0 728.0 810.0 738.0 ship 0
795.0 726.0 787.0 735.0 755.0 704.0 765.0 694.0 ship 0
631.0 664.0 622.0 655.0 648.0 627.0 658.0 637.0 ship 0
620.0 654.0 611.0 645.0 641.0 614.0 651.0 623.0 ship 0
611.0 644.0 603.0 636.0 631.0 606.0 639.0 615.0 ship 0
613.0 169.0 605.0 163.0 631.0 136.0 640.0 144.0 ship 0
776.0 335.0 769.0 327.0 791.0 303.0 799.0 310.0 ship 0
767.0 327.0 760.0 320.0 780.0 297.0 788.0 305.0 ship 0
760.0 320.0 753.0 312.0 772.0 291.0 779.0 298.0 ship 0
753.0 311.0 745.0 304.0 766.0 281.0 774.0 288.0 ship 0
744.0 303.0 735.0 294.0 757.0 271.0 767.0 280.0 ship 0
728.0 288.0 720.0 280.0 743.0 255.0 752.0 262.0 ship 0
718.0 277.0 712.0 271.0 736.0 247.0 742.0 254.0 ship 0
725.0 237.0 735.0 244.0 712.0 270.0 703.0 261.0 ship 0
703.0 259.0 694.0 249.0 720.0 227.0 728.0 235.0 ship 0
697.0 204.0 704.0 213.0 677.0 238.0 668.0 230.0 ship 0
663.0 221.0 654.0 212.0 677.0 185.0 687.0 195.0 ship 0
653.0 212.0 646.0 204.0 665.0 184.0 672.0 191.0 ship 0
646.0 204.0 637.0 195.0 660.0 170.0 669.0 179.0 ship 0
638.0 146.0 647.0 154.0 622.0 177.0 614.0 169.0 ship 0
620.0 132.0 628.0 139.0 604.0 161.0 597.0 154.0 ship 0
596.0 153.0 589.0 146.0 612.0 124.0 618.0 131.0 ship 0
588.0 142.0 582.0 135.0 607.0 112.0 614.0 119.0 ship 0
600.0 103.0 607.0 110.0 582.0 134.0 576.0 127.0 ship 0
584.0 1.0 598.0 1.0 587.0 11.0 580.0 4.0 ship 2
631.0 18.0 640.0 27.0 617.0 52.0 609.0 44.0 ship 0
641.0 28.0 649.0 36.0 627.0 61.0 618.0 53.0 ship 0
651.0 37.0 659.0 46.0 635.0 68.0 626.0 61.0 ship 0
665.0 53.0 672.0 60.0 648.0 82.0 641.0 76.0 ship 0
673.0 60.0 681.0 69.0 658.0 91.0 649.0 83.0 ship 0
688.0 76.0 699.0 86.0 673.0 116.0 662.0 106.0 ship 0
692.0 123.0 684.0 114.0 706.0 94.0 713.0 102.0 ship 0
714.0 103.0 721.0 111.0 699.0 132.0 692.0 124.0 ship 0
799.0 313.0 807.0 321.0 785.0 345.0 777.0 336.0 ship 0
796.0 352.0 787.0 343.0 810.0 318.0 819.0 328.0 ship 0
809.0 369.0 801.0 361.0 819.0 340.0 828.0 349.0 ship 0
831.0 346.0 840.0 354.0 820.0 377.0 810.0 368.0 ship 0
662.0 245.0 671.0 255.0 644.0 282.0 635.0 273.0 ship 0
662.0 302.0 653.0 290.0 681.0 265.0 691.0 275.0 ship 0
674.0 310.0 665.0 301.0 692.0 274.0 700.0 284.0 ship 0
680.0 328.0 671.0 318.0 700.0 286.0 709.0 294.0 ship 0
711.0 295.0 720.0 304.0 695.0 329.0 686.0 319.0 ship 0
715.0 306.0 726.0 314.0 701.0 348.0 690.0 338.0 ship 0
713.0 350.0 705.0 339.0 730.0 314.0 741.0 325.0 ship 0
740.0 324.0 749.0 334.0 721.0 361.0 711.0 352.0 ship 0
749.0 333.0 759.0 344.0 730.0 373.0 720.0 363.0 ship 0
742.0 377.0 732.0 366.0 759.0 343.0 767.0 354.0 ship 0
754.0 390.0 744.0 381.0 771.0 353.0 780.0 362.0 ship 0
779.0 364.0 788.0 373.0 763.0 399.0 753.0 390.0 ship 0
768.0 413.0 759.0 401.0 789.0 373.0 799.0 384.0 ship 0
777.0 423.0 769.0 412.0 799.0 384.0 808.0 393.0 ship 0
808.0 393.0 817.0 403.0 794.0 429.0 784.0 419.0 ship 0
798.0 441.0 790.0 431.0 818.0 403.0 827.0 413.0 ship 0
827.0 413.0 837.0 423.0 803.0 454.0 794.0 443.0 ship 0
823.0 453.0 817.0 446.0 840.0 426.0 846.0 433.0 ship 0
847.0 433.0 856.0 443.0 828.0 472.0 818.0 461.0 ship 0
866.0 453.0 876.0 463.0 846.0 492.0 837.0 482.0 ship 0
876.0 463.0 885.0 473.0 857.0 500.0 849.0 491.0 ship 0
914.0 429.0 923.0 435.0 902.0 461.0 894.0 452.0 ship 0
886.0 380.0 893.0 372.0 915.0 391.0 907.0 400.0 ship 0
877.0 437.0 867.0 429.0 891.0 402.0 901.0 411.0 ship 0
867.0 428.0 859.0 420.0 882.0 392.0 892.0 401.0 ship 0
858.0 420.0 850.0 411.0 869.0 390.0 878.0 397.0 ship 0
850.0 411.0 842.0 402.0 865.0 379.0 873.0 387.0 ship 0
834.0 394.0 826.0 387.0 846.0 367.0 853.0 375.0 ship 0
826.0 386.0 818.0 379.0 840.0 353.0 850.0 362.0 ship 0
656.0 17.0 649.0 9.0 659.0 1.0 674.0 1.0 ship 2
643.0 225.0 651.0 233.0 623.0 261.0 616.0 252.0 ship 0
232.0 750.0 244.0 762.0 211.0 796.0 201.0 785.0 ship 0
51.0 558.0 73.0 579.0 31.0 619.0 11.0 597.0 ship 0
64.0 588.0 74.0 599.0 42.0 629.0 31.0 619.0 ship 0
78.0 598.0 89.0 610.0 54.0 643.0 43.0 630.0 ship 0
99.0 619.0 109.0 629.0 75.0 663.0 65.0 652.0 ship 0
114.0 628.0 124.0 638.0 86.0 675.0 78.0 665.0 ship 0
120.0 644.0 130.0 654.0 97.0 687.0 87.0 677.0 ship 0
136.0 650.0 147.0 662.0 109.0 698.0 99.0 688.0 ship 0
118.0 706.0 111.0 700.0 131.0 679.0 138.0 686.0 ship 0
163.0 684.0 175.0 693.0 139.0 731.0 128.0 720.0 ship 0
175.0 697.0 186.0 706.0 150.0 741.0 141.0 731.0 ship 0
182.0 712.0 192.0 722.0 162.0 753.0 152.0 742.0 ship 0
191.0 724.0 199.0 733.0 172.0 764.0 161.0 755.0 ship 0
206.0 728.0 219.0 740.0 188.0 774.0 175.0 762.0 ship 0
218.0 740.0 229.0 751.0 200.0 786.0 188.0 774.0 ship 0
243.0 764.0 252.0 772.0 217.0 810.0 206.0 800.0 ship 0
663.0 25.0 656.0 17.0 677.0 1.0 685.0 7.0 ship 0
226.0 822.0 215.0 813.0 244.0 782.0 254.0 793.0 ship 0
263.0 783.0 276.0 794.0 239.0 833.0 227.0 822.0 ship 0
280.0 792.0 292.0 804.0 250.0 845.0 239.0 834.0 ship 0
286.0 812.0 297.0 825.0 261.0 856.0 252.0 845.0 ship 0
304.0 839.0 312.0 848.0 279.0 876.0 271.0 867.0 ship 0
1009.0 942.0 1018.0 926.0 1024.0 929.0 1024.0 950.0 ship 2
999.0 957.0 1007.0 941.0 1024.0 952.0 1024.0 972.0 ship 2
1024.0 975.0 1024.0 990.0 1005.0 979.0 1012.0 967.0 ship 2
1024.0 993.0 1024.0 1011.0 982.0 983.0 991.0 969.0 ship 0
950.0 1003.0 960.0 989.0 1006.0 1023.0 976.0 1023.0 ship 1
746.0 1.0 759.0 1.0 748.0 13.0 740.0 7.0 ship 2
673.0 34.0 665.0 28.0 679.0 10.0 687.0 16.0 ship 0
687.0 49.0 680.0 40.0 701.0 21.0 709.0 29.0 ship 0
707.0 31.0 714.0 38.0 695.0 56.0 689.0 50.0 ship 0
710.0 71.0 703.0 63.0 722.0 44.0 730.0 52.0 ship 0
733.0 52.0 741.0 59.0 717.0 81.0 710.0 73.0 ship 0
743.0 59.0 750.0 66.0 727.0 87.0 719.0 80.0 ship 0
741.0 104.0 733.0 95.0 756.0 74.0 764.0 82.0 ship 0
748.0 109.0 741.0 103.0 764.0 83.0 769.0 89.0 ship 0
754.0 119.0 747.0 112.0 770.0 89.0 778.0 98.0 ship 0
762.0 125.0 755.0 118.0 777.0 99.0 782.0 106.0 ship 0
786.0 103.0 795.0 112.0 770.0 135.0 762.0 126.0 ship 0
777.0 143.0 770.0 135.0 793.0 114.0 800.0 123.0 ship 0
787.0 149.0 781.0 141.0 800.0 124.0 806.0 133.0 ship 0
722.0 110.0 730.0 118.0 709.0 140.0 700.0 132.0 ship 0
730.0 118.0 738.0 125.0 717.0 148.0 709.0 140.0 ship 0
740.0 126.0 747.0 135.0 726.0 155.0 717.0 147.0 ship 0
748.0 136.0 755.0 143.0 735.0 162.0 729.0 154.0 ship 0
755.0 143.0 763.0 151.0 742.0 175.0 732.0 166.0 ship 0
778.0 167.0 787.0 176.0 764.0 200.0 755.0 190.0 ship 0
787.0 179.0 795.0 187.0 776.0 206.0 769.0 199.0 ship 0
795.0 187.0 802.0 193.0 783.0 215.0 775.0 209.0 ship 0
802.0 194.0 811.0 201.0 792.0 224.0 783.0 217.0 ship 0
797.0 232.0 790.0 224.0 813.0 202.0 821.0 211.0 ship 0
821.0 212.0 828.0 219.0 806.0 239.0 799.0 232.0 ship 0
829.0 219.0 838.0 228.0 813.0 250.0 805.0 240.0 ship 0
845.0 233.0 852.0 241.0 828.0 262.0 822.0 254.0 ship 0
788.0 5.0 794.0 12.0 776.0 27.0 771.0 20.0 ship 0
766.0 26.0 759.0 19.0 774.0 1.0 784.0 1.0 ship 0
760.0 1.0 773.0 1.0 756.0 20.0 749.0 13.0 ship 2
650.0 236.0 659.0 244.0 633.0 272.0 624.0 264.0 ship 0
631.0 216.0 640.0 226.0 611.0 255.0 602.0 246.0 ship 0
602.0 635.0 592.0 625.0 623.0 594.0 633.0 603.0 ship 0
573.0 390.0 581.0 398.0 556.0 425.0 549.0 418.0 ship 0
417.0 233.0 426.0 242.0 394.0 269.0 386.0 258.0 ship 0
427.0 242.0 437.0 253.0 400.0 284.0 392.0 272.0 ship 0
437.0 254.0 446.0 263.0 416.0 292.0 407.0 283.0 ship 0
424.0 307.0 414.0 297.0 446.0 262.0 458.0 273.0 ship 0
458.0 272.0 465.0 280.0 439.0 308.0 432.0 300.0 ship 0
475.0 293.0 484.0 302.0 455.0 333.0 446.0 324.0 ship 0
489.0 301.0 500.0 313.0 465.0 347.0 455.0 337.0 ship 0
507.0 320.0 515.0 329.0 487.0 358.0 478.0 349.0 ship 0
497.0 370.0 488.0 360.0 515.0 331.0 525.0 341.0 ship 0
526.0 342.0 534.0 351.0 509.0 375.0 500.0 367.0 ship 0
535.0 351.0 544.0 360.0 513.0 391.0 504.0 382.0 ship 0
545.0 363.0 553.0 373.0 523.0 401.0 515.0 391.0 ship 0
553.0 374.0 561.0 382.0 537.0 408.0 528.0 400.0 ship 0
563.0 381.0 572.0 390.0 548.0 416.0 539.0 409.0 ship 0
562.0 440.0 553.0 430.0 584.0 400.0 593.0 411.0 ship 0
748.0 568.0 757.0 576.0 725.0 610.0 717.0 600.0 ship 0
574.0 448.0 566.0 439.0 593.0 412.0 602.0 421.0 ship 0
602.0 421.0 611.0 430.0 585.0 458.0 576.0 449.0 ship 0
614.0 431.0 622.0 437.0 608.0 454.0 601.0 448.0 ship 0
623.0 440.0 632.0 449.0 603.0 475.0 595.0 465.0 ship 0
636.0 450.0 643.0 460.0 610.0 486.0 603.0 476.0 ship 0
642.0 460.0 649.0 468.0 625.0 494.0 617.0 485.0 ship 0
651.0 469.0 659.0 478.0 631.0 505.0 623.0 495.0 ship 0
644.0 511.0 636.0 506.0 659.0 479.0 666.0 486.0 ship 0
672.0 490.0 681.0 501.0 650.0 525.0 641.0 513.0 ship 0
686.0 500.0 692.0 508.0 660.0 535.0 653.0 527.0 ship 0
670.0 551.0 660.0 540.0 689.0 512.0 699.0 521.0 ship 0
710.0 529.0 719.0 537.0 692.0 563.0 684.0 554.0 ship 0
721.0 540.0 729.0 548.0 700.0 577.0 692.0 570.0 ship 0
731.0 550.0 740.0 558.0 711.0 589.0 701.0 580.0 ship 0
408.0 222.0 417.0 231.0 391.0 255.0 383.0 246.0 ship 0
400.0 211.0 408.0 220.0 379.0 249.0 371.0 240.0 ship 0
390.0 201.0 399.0 209.0 369.0 240.0 360.0 231.0 ship 0
380.0 192.0 389.0 201.0 355.0 233.0 347.0 224.0 ship 0
593.0 624.0 584.0 616.0 613.0 586.0 621.0 594.0 ship 0
583.0 615.0 573.0 605.0 599.0 578.0 611.0 589.0 ship 0
572.0 604.0 564.0 596.0 588.0 570.0 596.0 577.0 ship 0
589.0 551.0 597.0 561.0 564.0 592.0 555.0 582.0 ship 0
545.0 576.0 534.0 566.0 564.0 535.0 575.0 546.0 ship 0
534.0 565.0 525.0 557.0 552.0 528.0 562.0 539.0 ship 0
525.0 554.0 516.0 544.0 546.0 516.0 555.0 526.0 ship 0
516.0 544.0 506.0 534.0 538.0 503.0 548.0 512.0 ship 0
506.0 534.0 496.0 525.0 526.0 493.0 536.0 504.0 ship 0
495.0 524.0 485.0 512.0 512.0 487.0 521.0 498.0 ship 0
476.0 505.0 468.0 497.0 495.0 466.0 505.0 476.0 ship 0
482.0 461.0 492.0 469.0 467.0 497.0 459.0 488.0 ship 0
455.0 484.0 447.0 475.0 475.0 448.0 484.0 456.0 ship 0
470.0 434.0 479.0 443.0 447.0 475.0 438.0 464.0 ship 0
437.0 464.0 429.0 455.0 454.0 430.0 463.0 440.0 ship 0
417.0 444.0 409.0 437.0 430.0 415.0 438.0 423.0 ship 0
410.0 434.0 401.0 425.0 430.0 398.0 440.0 407.0 ship 0
399.0 427.0 389.0 417.0 417.0 390.0 427.0 400.0 ship 0
389.0 417.0 379.0 407.0 413.0 371.0 424.0 381.0 ship 0
380.0 406.0 370.0 397.0 396.0 367.0 407.0 377.0 ship 0
361.0 387.0 351.0 378.0 378.0 348.0 389.0 358.0 ship 0
350.0 376.0 340.0 366.0 367.0 342.0 376.0 351.0 ship 0
331.0 357.0 322.0 347.0 351.0 316.0 363.0 326.0 ship 0
320.0 345.0 313.0 338.0 341.0 310.0 348.0 317.0 ship 0
330.0 300.0 339.0 310.0 312.0 337.0 302.0 327.0 ship 0
300.0 326.0 292.0 316.0 320.0 284.0 332.0 295.0 ship 0
284.0 308.0 274.0 298.0 300.0 269.0 310.0 281.0 ship 0
364.0 173.0 371.0 182.0 348.0 198.0 341.0 190.0 ship 0
371.0 180.0 380.0 191.0 349.0 219.0 341.0 210.0 ship 0
740.0 559.0 748.0 568.0 718.0 597.0 711.0 589.0 ship 0
736.0 611.0 730.0 602.0 759.0 578.0 766.0 588.0 ship 0
613.0 194.0 623.0 204.0 590.0 236.0 581.0 226.0 ship 0
548.0 103.0 539.0 95.0 559.0 70.0 569.0 78.0 ship 0
449.0 240.0 440.0 232.0 464.0 200.0 475.0 207.0 ship 0
461.0 186.0 471.0 194.0 441.0 227.0 431.0 217.0 ship 0
430.0 218.0 422.0 210.0 446.0 185.0 455.0 193.0 ship 0
422.0 209.0 412.0 200.0 439.0 173.0 449.0 181.0 ship 0
411.0 200.0 402.0 191.0 430.0 161.0 440.0 170.0 ship 0
402.0 189.0 393.0 180.0 423.0 150.0 432.0 158.0 ship 0
394.0 177.0 385.0 169.0 409.0 140.0 420.0 150.0 ship 0
400.0 131.0 410.0 140.0 382.0 170.0 371.0 160.0 ship 0
477.0 57.0 486.0 67.0 457.0 93.0 450.0 83.0 ship 0
498.0 52.0 491.0 44.0 516.0 19.0 524.0 27.0 ship 0
506.0 58.0 499.0 50.0 526.0 27.0 532.0 35.0 ship 0
528.0 34.0 537.0 41.0 514.0 69.0 505.0 62.0 ship 0
520.0 77.0 514.0 70.0 531.0 53.0 538.0 62.0 ship 0
532.0 83.0 524.0 75.0 547.0 52.0 555.0 59.0 ship 0
557.0 109.0 549.0 101.0 572.0 76.0 581.0 84.0 ship 0
744.0 630.0 732.0 618.0 765.0 586.0 777.0 598.0 ship 0
507.0 86.0 515.0 94.0 486.0 122.0 479.0 114.0 ship 0
498.0 132.0 489.0 124.0 514.0 97.0 522.0 106.0 ship 0
525.0 106.0 534.0 116.0 507.0 144.0 497.0 135.0 ship 0
535.0 116.0 544.0 125.0 516.0 155.0 508.0 146.0 ship 0
543.0 128.0 551.0 136.0 527.0 164.0 518.0 156.0 ship 0
554.0 135.0 563.0 145.0 535.0 174.0 526.0 165.0 ship 0
564.0 119.0 557.0 112.0 578.0 88.0 587.0 96.0 ship 0
572.0 128.0 564.0 120.0 585.0 99.0 593.0 108.0 ship 0
540.0 189.0 530.0 178.0 564.0 145.0 574.0 155.0 ship 0
575.0 156.0 584.0 166.0 556.0 191.0 548.0 181.0 ship 0
584.0 167.0 592.0 176.0 563.0 201.0 556.0 192.0 ship 0
594.0 175.0 601.0 185.0 574.0 209.0 567.0 199.0 ship 0
586.0 220.0 576.0 209.0 605.0 184.0 613.0 194.0 ship 0
622.0 205.0 630.0 215.0 601.0 245.0 592.0 235.0 ship 0
458.0 251.0 450.0 242.0 478.0 215.0 486.0 223.0 ship 0
468.0 260.0 459.0 252.0 489.0 220.0 500.0 229.0 ship 0
490.0 239.0 498.0 245.0 480.0 265.0 473.0 258.0 ship 0
488.0 279.0 479.0 269.0 509.0 240.0 517.0 250.0 ship 0
810.0 544.0 819.0 553.0 791.0 585.0 781.0 577.0 ship 0
799.0 536.0 809.0 546.0 779.0 576.0 770.0 567.0 ship 0
788.0 527.0 798.0 536.0 770.0 566.0 761.0 558.0 ship 0
778.0 515.0 789.0 524.0 761.0 557.0 750.0 547.0 ship 0
772.0 502.0 782.0 510.0 750.0 545.0 740.0 535.0 ship 0
741.0 534.0 733.0 527.0 761.0 496.0 770.0 504.0 ship 0
751.0 487.0 761.0 495.0 734.0 523.0 725.0 514.0 ship 0
738.0 482.0 746.0 490.0 721.0 515.0 714.0 507.0 ship 0
727.0 473.0 736.0 482.0 714.0 506.0 704.0 497.0 ship 0
715.0 446.0 725.0 455.0 694.0 487.0 684.0 477.0 ship 0
683.0 478.0 674.0 468.0 700.0 441.0 711.0 451.0 ship 0
674.0 466.0 665.0 455.0 693.0 427.0 703.0 438.0 ship 0
684.0 418.0 692.0 428.0 662.0 458.0 653.0 448.0 ship 0
654.0 446.0 644.0 437.0 670.0 410.0 680.0 418.0 ship 0
645.0 436.0 636.0 427.0 662.0 397.0 672.0 407.0 ship 0
635.0 428.0 627.0 421.0 651.0 389.0 659.0 396.0 ship 0
642.0 383.0 650.0 391.0 624.0 419.0 615.0 409.0 ship 0
631.0 358.0 649.0 376.0 614.0 408.0 597.0 389.0 ship 0
600.0 381.0 594.0 374.0 616.0 353.0 622.0 360.0 ship 0
586.0 378.0 577.0 368.0 603.0 342.0 613.0 352.0 ship 0
595.0 327.0 605.0 336.0 577.0 367.0 567.0 359.0 ship 0
567.0 357.0 558.0 347.0 584.0 321.0 592.0 329.0 ship 0
574.0 309.0 585.0 318.0 556.0 349.0 546.0 339.0 ship 0
563.0 301.0 573.0 309.0 546.0 339.0 537.0 329.0 ship 0
537.0 328.0 530.0 319.0 560.0 290.0 567.0 298.0 ship 0
548.0 279.0 558.0 287.0 529.0 320.0 519.0 309.0 ship 0
533.0 277.0 540.0 286.0 520.0 307.0 511.0 298.0 ship 0
525.0 259.0 536.0 268.0 510.0 298.0 499.0 288.0 ship 0
518.0 249.0 526.0 257.0 499.0 286.0 491.0 278.0 ship 0
613.0 1.0 635.0 1.0 1003.0 372.0 993.0 382.0 harbor 0
