1.0 94.0 1.0 54.0 22.0 32.0 42.0 54.0 ship 2
40.0 54.0 58.0 74.0 2.0 115.0 1.0 89.0 ship 0
60.0 68.0 82.0 90.0 16.0 148.0 1.0 128.0 ship 0
82.0 90.0 102.0 108.0 38.0 168.0 20.0 146.0 ship 0
96.0 112.0 116.0 132.0 58.0 192.0 40.0 172.0 ship 0
122.0 128.0 140.0 148.0 88.0 204.0 70.0 184.0 ship 0
150.0 170.0 172.0 188.0 116.0 250.0 94.0 230.0 ship 0
176.0 192.0 194.0 210.0 140.0 262.0 124.0 244.0 ship 0
458.0 304.0 474.0 322.0 416.0 382.0 396.0 364.0 ship 0
394.0 362.0 376.0 346.0 424.0 296.0 444.0 314.0 ship 0
376.0 344.0 360.0 328.0 412.0 272.0 430.0 288.0 ship 0
358.0 326.0 340.0 306.0 396.0 250.0 416.0 266.0 ship 0
194.0 210.0 212.0 228.0 156.0 298.0 134.0 278.0 ship 0
210.0 232.0 230.0 248.0 182.0 302.0 166.0 286.0 ship 0
230.0 250.0 250.0 268.0 194.0 326.0 176.0 308.0 ship 0
244.0 274.0 262.0 294.0 214.0 344.0 194.0 324.0 ship 0
276.0 288.0 294.0 308.0 234.0 360.0 218.0 340.0 ship 0
292.0 308.0 312.0 326.0 250.0 382.0 234.0 362.0 ship 0
312.0 328.0 330.0 348.0 270.0 406.0 254.0 386.0 ship 0
334.0 350.0 350.0 368.0 294.0 422.0 276.0 402.0 ship 0
314.0 448.0 294.0 426.0 354.0 368.0 374.0 388.0 ship 0
366.0 398.0 382.0 416.0 330.0 466.0 314.0 452.0 ship 0
224.0 530.0 242.0 552.0 178.0 614.0 158.0 598.0 ship 0
196.0 514.0 218.0 536.0 158.0 600.0 136.0 578.0 ship 0
138.0 578.0 116.0 562.0 164.0 508.0 184.0 526.0 ship 0
120.0 554.0 102.0 540.0 146.0 486.0 166.0 500.0 ship 0
130.0 464.0 150.0 482.0 96.0 540.0 78.0 524.0 ship 0
76.0 516.0 60.0 498.0 110.0 444.0 128.0 460.0 ship 0
60.0 498.0 44.0 482.0 86.0 434.0 104.0 450.0 ship 0
42.0 480.0 22.0 460.0 84.0 396.0 106.0 418.0 ship 0
54.0 384.0 74.0 406.0 22.0 462.0 0.0 442.0 ship 0
1.0 442.0 1.0 403.0 34.0 364.0 56.0 382.0 ship 0
1.0 401.0 1.0 365.0 14.0 350.0 32.0 366.0 ship 2
463.0 1.0 507.0 1.0 638.0 132.0 618.0 156.0 harbor 2
1.0 2.0 39.0 1.0 402.0 372.0 380.0 392.0 harbor 2
1.0 491.0 1.0 446.0 160.0 610.0 138.0 632.0 harbor 2
1024.0 467.0 1024.0 520.0 964.0 452.0 988.0 428.0 ship 2
660.0 694.0 642.0 710.0 584.0 658.0 602.0 638.0 ship 0
614.0 638.0 630.0 618.0 680.0 670.0 666.0 686.0 ship 0
702.0 808.0 684.0 826.0 628.0 768.0 648.0 750.0 ship 0
666.0 836.0 672.0 814.0 736.0 836.0 730.0 858.0 ship 0
686.0 862.0 700.0 848.0 742.0 888.0 724.0 904.0 ship 0
746.0 636.0 774.0 608.0 866.0 702.0 842.0 728.0 ship 0
752.0 740.0 774.0 720.0 844.0 788.0 822.0 810.0 ship 0
640.0 704.0 672.0 680.0 776.0 800.0 746.0 826.0 ship 0
844.0 788.0 864.0 788.0 866.0 826.0 848.0 828.0 ship 0
922.0 618.0 904.0 638.0 818.0 562.0 840.0 538.0 ship 0
846.0 534.0 870.0 516.0 956.0 606.0 936.0 626.0 ship 0
876.0 516.0 902.0 496.0 972.0 582.0 948.0 602.0 ship 0
1004.0 560.0 980.0 582.0 900.0 494.0 924.0 472.0 ship 0
1024.0 524.0 1019.0 559.0 928.0 472.0 954.0 446.0 ship 0
1024.0 418.0 1024.0 464.0 980.0 422.0 1000.0 396.0 ship 2
690.0 536.0 704.0 520.0 748.0 566.0 732.0 580.0 ship 0
706.0 500.0 722.0 482.0 784.0 542.0 766.0 560.0 ship 0
666.0 542.0 646.0 518.0 704.0 464.0 724.0 484.0 ship 0
640.0 444.0 624.0 456.0 584.0 408.0 600.0 396.0 ship 0
1.0 573.0 1.0 529.0 18.0 510.0 40.0 532.0 ship 2
40.0 532.0 62.0 552.0 1.0 620.0 1.0 576.0 ship 0
62.0 554.0 84.0 576.0 16.0 648.0 1.0 627.0 ship 0
102.0 602.0 122.0 620.0 60.0 688.0 38.0 666.0 ship 0
82.0 584.0 102.0 602.0 38.0 666.0 20.0 646.0 ship 0
82.0 712.0 60.0 692.0 128.0 622.0 148.0 644.0 ship 0
168.0 808.0 146.0 832.0 48.0 744.0 72.0 718.0 ship 0
468.0 746.0 478.0 762.0 430.0 794.0 418.0 780.0 ship 0
342.0 594.0 368.0 578.0 434.0 668.0 412.0 686.0 ship 0
380.0 566.0 402.0 548.0 470.0 628.0 450.0 648.0 ship 0
422.0 532.0 448.0 512.0 504.0 582.0 478.0 602.0 ship 0
640.0 510.0 620.0 490.0 676.0 432.0 696.0 452.0 ship 0
666.0 428.0 650.0 446.0 586.0 384.0 606.0 364.0 ship 0
338.0 304.0 320.0 286.0 372.0 230.0 392.0 250.0 ship 0
316.0 284.0 298.0 266.0 358.0 204.0 378.0 222.0 ship 0
298.0 264.0 282.0 248.0 338.0 188.0 354.0 206.0 ship 0
976.0 982.0 996.0 954.0 1024.0 974.0 1024.0 1018.0 ship 2
280.0 246.0 260.0 226.0 322.0 164.0 342.0 182.0 ship 0
572.0 112.0 590.0 128.0 526.0 196.0 510.0 176.0 ship 0
360.0 1.0 409.0 1.0 376.0 26.0 358.0 2.0 ship 2
418.0 1.0 450.0 1.0 396.0 46.0 382.0 30.0 ship 0
416.0 78.0 396.0 56.0 454.0 0.0 474.0 18.0 ship 0
496.0 34.0 514.0 50.0 460.0 102.0 444.0 84.0 ship 0
518.0 56.0 534.0 72.0 476.0 130.0 460.0 116.0 ship 0
538.0 76.0 556.0 92.0 498.0 154.0 478.0 136.0 ship 0
262.0 224.0 244.0 208.0 302.0 148.0 318.0 164.0 ship 0
242.0 206.0 222.0 186.0 274.0 132.0 298.0 154.0 ship 0
220.0 184.0 204.0 168.0 252.0 116.0 268.0 130.0 ship 0
254.0 78.0 270.0 98.0 204.0 160.0 186.0 140.0 ship 0
166.0 128.0 144.0 108.0 204.0 46.0 226.0 68.0 ship 0
144.0 106.0 126.0 90.0 180.0 32.0 200.0 54.0 ship 0
126.0 84.0 108.0 64.0 168.0 8.0 186.0 28.0 ship 0
108.0 64.0 88.0 44.0 133.0 1.0 172.0 1.0 ship 0
88.0 44.0 68.0 26.0 92.0 1.0 132.0 1.0 ship 2
556.0 94.0 572.0 112.0 512.0 170.0 498.0 154.0 ship 0
548.0 198.0 536.0 180.0 594.0 132.0 608.0 152.0 ship 0
564.0 236.0 540.0 212.0 606.0 148.0 630.0 172.0 ship 0
696.0 64.0 714.0 82.0 658.0 146.0 638.0 130.0 ship 0
674.0 48.0 694.0 68.0 634.0 128.0 616.0 110.0 ship 0
652.0 30.0 672.0 48.0 616.0 108.0 598.0 92.0 ship 0
632.0 6.0 654.0 24.0 598.0 90.0 576.0 70.0 ship 0
600.0 1.0 636.0 1.0 576.0 66.0 556.0 46.0 ship 0
558.0 44.0 542.0 30.0 569.0 1.0 600.0 1.0 ship 2
529.0 1.0 565.0 1.0 544.0 22.0 526.0 4.0 ship 2
