502.0 914.0 520.0 932.0 470.0 986.0 452.0 970.0 ship 0
438.0 968.0 420.0 948.0 470.0 904.0 488.0 926.0 ship 0
486.0 1008.0 468.0 990.0 520.0 934.0 538.0 952.0 ship 0
540.0 956.0 556.0 976.0 500.0 1024.0 484.0 1008.0 ship 0
545.0 1024.0 504.0 1024.0 560.0 974.0 578.0 994.0 ship 0
580.0 998.0 592.0 1012.0 579.0 1024.0 554.0 1024.0 ship 0
760.0 370.0 738.0 392.0 666.0 318.0 688.0 294.0 ship 0
786.0 348.0 764.0 366.0 688.0 288.0 706.0 268.0 ship 0
710.0 270.0 720.0 256.0 756.0 290.0 742.0 304.0 ship 0
838.0 320.0 814.0 346.0 722.0 254.0 744.0 232.0 ship 0
850.0 284.0 826.0 304.0 750.0 230.0 772.0 206.0 ship 0
854.0 248.0 834.0 266.0 774.0 210.0 794.0 186.0 ship 0
888.0 232.0 868.0 254.0 796.0 188.0 816.0 164.0 ship 0
938.0 182.0 918.0 200.0 858.0 134.0 880.0 114.0 ship 0
956.0 160.0 934.0 178.0 882.0 110.0 906.0 94.0 ship 0
1012.0 148.0 984.0 172.0 906.0 88.0 934.0 62.0 ship 0
1020.0 104.0 1000.0 126.0 934.0 62.0 956.0 40.0 ship 0
1024.0 60.0 1024.0 106.0 954.0 36.0 976.0 14.0 ship 0
282.0 930.0 304.0 954.0 240.0 1022.0 214.0 998.0 ship 0
103.0 1021.0 66.0 1024.0 6.0 964.0 26.0 942.0 ship 0
59.0 1024.0 10.0 1024.0 2.0 1014.0 2.0 964.0 ship 2
738.0 392.0 718.0 416.0 638.0 338.0 662.0 314.0 ship 0
714.0 424.0 694.0 444.0 614.0 362.0 634.0 338.0 ship 0
686.0 438.0 670.0 456.0 596.0 384.0 612.0 364.0 ship 0
646.0 444.0 628.0 460.0 574.0 400.0 592.0 384.0 ship 0
956.0 428.0 976.0 404.0 1024.0 452.0 1024.0 497.0 harbor 2
716.0 660.0 740.0 640.0 1024.0 927.0 1024.0 971.0 harbor 2
482.0 894.0 506.0 870.0 655.0 1024.0 609.0 1024.0 harbor 2
310.0 798.0 288.0 822.0 216.0 752.0 238.0 730.0 ship 0
326.0 766.0 308.0 788.0 242.0 730.0 262.0 708.0 ship 0
358.0 746.0 340.0 766.0 260.0 704.0 280.0 680.0 ship 0
364.0 718.0 350.0 738.0 282.0 682.0 300.0 660.0 ship 0
408.0 718.0 386.0 740.0 306.0 656.0 328.0 634.0 ship 0
446.0 694.0 422.0 718.0 338.0 642.0 360.0 618.0 ship 0
370.0 602.0 388.0 582.0 458.0 648.0 440.0 668.0 ship 0
494.0 642.0 466.0 662.0 396.0 574.0 422.0 556.0 ship 0
510.0 592.0 490.0 612.0 420.0 548.0 442.0 526.0 ship 0
528.0 564.0 512.0 582.0 450.0 520.0 466.0 502.0 ship 0
492.0 486.0 508.0 464.0 570.0 518.0 554.0 538.0 ship 0
616.0 516.0 594.0 540.0 510.0 464.0 530.0 440.0 ship 0
606.0 474.0 588.0 490.0 538.0 438.0 554.0 420.0 ship 0
624.0 456.0 608.0 474.0 554.0 420.0 570.0 402.0 ship 0
834.0 782.0 852.0 800.0 788.0 854.0 772.0 832.0 ship 0
854.0 800.0 874.0 822.0 800.0 884.0 784.0 860.0 ship 0
874.0 824.0 892.0 842.0 832.0 900.0 814.0 882.0 ship 0
848.0 930.0 828.0 910.0 892.0 840.0 916.0 862.0 ship 0
916.0 860.0 930.0 876.0 878.0 932.0 864.0 916.0 ship 0
950.0 902.0 968.0 920.0 910.0 982.0 892.0 964.0 ship 0
978.0 918.0 1000.0 942.0 930.0 1010.0 910.0 990.0 ship 0
816.0 760.0 834.0 778.0 782.0 826.0 766.0 808.0 ship 0
800.0 738.0 816.0 756.0 758.0 814.0 742.0 796.0 ship 0
780.0 718.0 798.0 734.0 738.0 796.0 720.0 778.0 ship 0
760.0 700.0 778.0 718.0 710.0 782.0 694.0 764.0 ship 0
745.0 1024.0 707.0 1024.0 734.0 1000.0 752.0 1018.0 ship 2
662.0 1024.0 644.0 1010.0 702.0 948.0 726.0 968.0 ship 0
640.0 1006.0 626.0 992.0 682.0 936.0 696.0 950.0 ship 0
660.0 916.0 678.0 936.0 624.0 990.0 604.0 970.0 ship 0
600.0 968.0 584.0 948.0 640.0 884.0 664.0 906.0 ship 0
568.0 932.0 548.0 912.0 600.0 854.0 620.0 878.0 ship 0
728.0 662.0 742.0 680.0 696.0 712.0 682.0 696.0 ship 0
742.0 676.0 760.0 698.0 698.0 754.0 682.0 736.0 ship 0
898.0 796.0 880.0 780.0 928.0 716.0 950.0 730.0 ship 0
922.0 688.0 942.0 704.0 882.0 770.0 862.0 750.0 ship 0
860.0 752.0 844.0 736.0 892.0 686.0 910.0 702.0 ship 0
844.0 734.0 824.0 716.0 878.0 662.0 898.0 678.0 ship 0
822.0 716.0 804.0 698.0 860.0 638.0 880.0 656.0 ship 0
804.0 694.0 786.0 676.0 846.0 616.0 864.0 632.0 ship 0
788.0 670.0 770.0 654.0 818.0 596.0 840.0 616.0 ship 0
800.0 578.0 820.0 596.0 764.0 656.0 742.0 636.0 ship 0
954.0 430.0 972.0 450.0 914.0 502.0 900.0 482.0 ship 0
996.0 420.0 982.0 404.0 1024.0 362.0 1024.0 393.0 ship 2
1012.0 432.0 998.0 416.0 1024.0 393.0 1024.0 421.0 ship 2
1014.0 488.0 1024.0 503.0 972.0 560.0 958.0 544.0 ship 0
996.0 580.0 978.0 564.0 1024.0 514.0 1024.0 549.0 ship 0
1024.0 554.0 1024.0 593.0 1014.0 604.0 994.0 586.0 ship 2
916.0 818.0 900.0 800.0 956.0 746.0 972.0 762.0 ship 0
936.0 836.0 918.0 820.0 978.0 756.0 1000.0 774.0 ship 0
980.0 794.0 996.0 806.0 960.0 846.0 946.0 832.0 ship 0
976.0 874.0 958.0 854.0 1021.0 799.0 1024.0 826.0 ship 0
1024.0 863.0 1024.0 907.0 1020.0 912.0 998.0 892.0 ship 2
1024.0 826.0 1024.0 860.0 998.0 888.0 982.0 872.0 ship 2
