416.0 662.0 402.0 648.0 436.0 618.0 448.0 632.0 ship 0
560.0 732.0 578.0 746.0 542.0 786.0 524.0 772.0 ship 0
526.0 768.0 512.0 754.0 548.0 712.0 566.0 726.0 ship 0
536.0 696.0 550.0 710.0 514.0 750.0 500.0 738.0 ship 0
482.0 724.0 466.0 708.0 502.0 670.0 520.0 686.0 ship 0
458.0 704.0 448.0 690.0 492.0 654.0 504.0 668.0 ship 0
448.0 688.0 436.0 670.0 480.0 634.0 496.0 652.0 ship 0
600.0 556.0 616.0 572.0 566.0 616.0 552.0 600.0 ship 0
584.0 538.0 600.0 552.0 552.0 600.0 536.0 584.0 ship 0
570.0 520.0 584.0 538.0 546.0 574.0 532.0 560.0 ship 0
554.0 506.0 570.0 520.0 526.0 566.0 512.0 552.0 ship 0
540.0 490.0 552.0 504.0 510.0 542.0 494.0 526.0 ship 0
526.0 476.0 540.0 490.0 498.0 524.0 486.0 508.0 ship 0
506.0 462.0 518.0 474.0 480.0 514.0 464.0 500.0 ship 0
434.0 674.0 420.0 658.0 472.0 612.0 484.0 628.0 ship 0
404.0 644.0 392.0 630.0 434.0 592.0 448.0 608.0 ship 0
508.0 802.0 524.0 818.0 480.0 862.0 464.0 848.0 ship 0
420.0 576.0 434.0 592.0 388.0 632.0 374.0 618.0 ship 0
580.0 754.0 594.0 770.0 554.0 802.0 542.0 786.0 ship 0
526.0 818.0 542.0 832.0 504.0 872.0 488.0 856.0 ship 0
646.0 894.0 632.0 880.0 674.0 840.0 688.0 854.0 ship 0
706.0 660.0 720.0 674.0 678.0 714.0 662.0 700.0 ship 0
680.0 630.0 690.0 642.0 652.0 676.0 640.0 664.0 ship 0
856.0 1024.0 830.0 1024.0 848.0 1006.0 860.0 1020.0 ship 2
827.0 1024.0 793.0 1024.0 826.0 990.0 844.0 1008.0 ship 2
792.0 1024.0 772.0 1020.0 808.0 978.0 822.0 994.0 ship 0
754.0 1002.0 740.0 986.0 780.0 948.0 794.0 964.0 ship 0
742.0 982.0 730.0 968.0 770.0 930.0 784.0 944.0 ship 0
752.0 918.0 768.0 936.0 724.0 974.0 710.0 956.0 ship 0
708.0 956.0 694.0 944.0 732.0 906.0 744.0 920.0 ship 0
698.0 938.0 684.0 924.0 726.0 874.0 744.0 890.0 ship 0
704.0 864.0 720.0 880.0 678.0 926.0 664.0 910.0 ship 0
690.0 850.0 704.0 864.0 666.0 908.0 650.0 894.0 ship 0
634.0 878.0 618.0 860.0 658.0 822.0 674.0 838.0 ship 0
510.0 902.0 494.0 886.0 540.0 834.0 558.0 852.0 ship 0
618.0 862.0 606.0 848.0 642.0 814.0 654.0 826.0 ship 0
602.0 846.0 588.0 830.0 634.0 788.0 650.0 806.0 ship 0
582.0 832.0 572.0 816.0 612.0 780.0 624.0 798.0 ship 0
572.0 814.0 560.0 800.0 592.0 768.0 606.0 782.0 ship 0
706.0 1000.0 722.0 1018.0 715.0 1024.0 682.0 1024.0 ship 2
690.0 988.0 702.0 1004.0 680.0 1024.0 650.0 1024.0 ship 2
674.0 972.0 688.0 984.0 650.0 1024.0 634.0 1010.0 ship 0
640.0 940.0 656.0 956.0 610.0 1000.0 594.0 984.0 ship 0
626.0 922.0 640.0 938.0 592.0 986.0 576.0 970.0 ship 0
608.0 906.0 622.0 924.0 574.0 970.0 560.0 954.0 ship 0
594.0 886.0 612.0 902.0 568.0 942.0 552.0 926.0 ship 0
574.0 872.0 590.0 890.0 546.0 936.0 530.0 920.0 ship 0
556.0 854.0 574.0 872.0 524.0 922.0 508.0 906.0 ship 0
722.0 680.0 734.0 694.0 700.0 724.0 686.0 710.0 ship 0
750.0 704.0 768.0 720.0 724.0 770.0 704.0 754.0 ship 0
780.0 740.0 794.0 754.0 760.0 788.0 746.0 774.0 ship 0
36.0 272.0 20.0 254.0 66.0 216.0 84.0 234.0 ship 0
1.0 216.0 1.0 186.0 22.0 168.0 36.0 188.0 ship 2
2.0 237.0 1.0 217.0 38.0 186.0 54.0 204.0 ship 0
54.0 292.0 38.0 278.0 76.0 238.0 92.0 256.0 ship 0
1.0 675.0 1.0 629.0 389.0 1024.0 341.0 1024.0 harbor 2
810.0 768.0 826.0 784.0 780.0 824.0 766.0 810.0 ship 0
944.0 906.0 958.0 922.0 910.0 968.0 894.0 954.0 ship 0
914.0 874.0 928.0 888.0 886.0 928.0 870.0 912.0 ship 0
872.0 832.0 888.0 848.0 850.0 888.0 832.0 872.0 ship 0
850.0 818.0 866.0 830.0 828.0 882.0 812.0 870.0 ship 0
842.0 798.0 858.0 814.0 814.0 856.0 796.0 838.0 ship 0
28.0 654.0 12.0 642.0 64.0 588.0 82.0 604.0 ship 0
354.0 986.0 340.0 970.0 384.0 922.0 400.0 936.0 ship 0
336.0 970.0 322.0 956.0 362.0 910.0 378.0 926.0 ship 0
322.0 956.0 308.0 940.0 346.0 898.0 360.0 912.0 ship 0
308.0 938.0 292.0 924.0 334.0 878.0 350.0 892.0 ship 0
290.0 922.0 272.0 904.0 316.0 858.0 336.0 876.0 ship 0
258.0 892.0 242.0 876.0 288.0 826.0 306.0 840.0 ship 0
238.0 870.0 226.0 858.0 274.0 810.0 286.0 824.0 ship 0
252.0 790.0 272.0 804.0 226.0 856.0 208.0 838.0 ship 0
208.0 834.0 190.0 814.0 242.0 770.0 258.0 786.0 ship 0
196.0 724.0 210.0 742.0 156.0 792.0 138.0 776.0 ship 0
128.0 758.0 110.0 740.0 156.0 686.0 176.0 706.0 ship 0
108.0 740.0 94.0 724.0 132.0 684.0 146.0 698.0 ship 0
94.0 724.0 76.0 706.0 122.0 656.0 140.0 674.0 ship 0
78.0 608.0 96.0 624.0 46.0 670.0 30.0 654.0 ship 0
42.0 580.0 58.0 594.0 10.0 638.0 1.0 624.0 ship 0
80.0 322.0 70.0 306.0 122.0 270.0 134.0 288.0 ship 0
1.0 616.0 1.0 588.0 26.0 564.0 38.0 578.0 ship 0
1.0 580.0 1.0 554.0 16.0 540.0 30.0 554.0 ship 2
2.0 522.0 16.0 536.0 1.0 551.0 1.0 524.0 ship 2
2.0 286.0 16.0 298.0 1.0 314.0 1.0 287.0 ship 2
64.0 352.0 82.0 370.0 36.0 420.0 20.0 404.0 ship 0
84.0 372.0 100.0 388.0 56.0 438.0 38.0 422.0 ship 0
104.0 390.0 120.0 408.0 72.0 452.0 54.0 438.0 ship 0
132.0 422.0 146.0 436.0 98.0 480.0 84.0 468.0 ship 0
148.0 436.0 164.0 454.0 118.0 498.0 100.0 482.0 ship 0
178.0 468.0 200.0 488.0 148.0 548.0 126.0 528.0 ship 0
186.0 562.0 170.0 544.0 214.0 504.0 228.0 520.0 ship 0
230.0 522.0 244.0 538.0 200.0 580.0 186.0 564.0 ship 0
400.0 942.0 416.0 958.0 372.0 1006.0 356.0 988.0 ship 0
394.0 1020.0 376.0 1002.0 422.0 952.0 440.0 972.0 ship 0
448.0 1024.0 416.0 1024.0 440.0 996.0 458.0 1014.0 ship 2
126.0 806.0 144.0 826.0 90.0 880.0 72.0 862.0 ship 0
126.0 920.0 108.0 896.0 164.0 846.0 184.0 866.0 ship 0
150.0 936.0 132.0 918.0 186.0 864.0 202.0 884.0 ship 0
162.0 972.0 144.0 952.0 202.0 888.0 220.0 904.0 ship 0
224.0 906.0 242.0 924.0 192.0 974.0 174.0 954.0 ship 0
232.0 928.0 254.0 944.0 204.0 1012.0 182.0 992.0 ship 0
228.0 1016.0 212.0 994.0 262.0 944.0 284.0 966.0 ship 0
282.0 964.0 300.0 984.0 258.0 1024.0 226.0 1022.0 ship 0
300.0 982.0 320.0 1004.0 300.0 1024.0 259.0 1024.0 ship 2
62.0 304.0 54.0 288.0 102.0 256.0 112.0 272.0 ship 0
114.0 350.0 100.0 334.0 144.0 296.0 156.0 312.0 ship 0
88.0 766.0 104.0 782.0 48.0 838.0 34.0 820.0 ship 0
128.0 366.0 114.0 350.0 158.0 314.0 172.0 330.0 ship 0
286.0 230.0 298.0 240.0 250.0 292.0 236.0 278.0 ship 0
302.0 244.0 314.0 258.0 264.0 302.0 254.0 288.0 ship 0
316.0 264.0 326.0 278.0 276.0 322.0 264.0 308.0 ship 0
326.0 280.0 342.0 294.0 298.0 342.0 282.0 330.0 ship 0
148.0 384.0 132.0 372.0 160.0 336.0 176.0 348.0 ship 0
176.0 414.0 162.0 396.0 204.0 358.0 220.0 374.0 ship 0
216.0 378.0 230.0 392.0 192.0 428.0 180.0 416.0 ship 0
222.0 458.0 208.0 442.0 246.0 404.0 262.0 420.0 ship 0
268.0 420.0 284.0 434.0 236.0 478.0 222.0 462.0 ship 0
288.0 434.0 302.0 448.0 256.0 490.0 240.0 476.0 ship 0
284.0 524.0 268.0 506.0 314.0 464.0 330.0 480.0 ship 0
298.0 534.0 284.0 522.0 330.0 482.0 340.0 494.0 ship 0
310.0 554.0 296.0 540.0 342.0 494.0 358.0 512.0 ship 0
326.0 566.0 312.0 552.0 356.0 514.0 366.0 528.0 ship 0
374.0 522.0 392.0 540.0 342.0 586.0 326.0 568.0 ship 0
356.0 602.0 342.0 586.0 388.0 544.0 402.0 562.0 ship 0
376.0 614.0 364.0 598.0 402.0 564.0 414.0 582.0 ship 0
246.0 536.0 262.0 552.0 220.0 596.0 202.0 580.0 ship 0
262.0 552.0 278.0 566.0 236.0 612.0 220.0 596.0 ship 0
282.0 568.0 296.0 586.0 254.0 626.0 236.0 610.0 ship 0
298.0 588.0 312.0 602.0 272.0 640.0 260.0 624.0 ship 0
312.0 602.0 328.0 618.0 286.0 666.0 266.0 648.0 ship 0
358.0 650.0 376.0 668.0 330.0 716.0 312.0 696.0 ship 0
376.0 674.0 392.0 690.0 354.0 728.0 340.0 714.0 ship 0
392.0 690.0 406.0 702.0 368.0 746.0 352.0 734.0 ship 0
406.0 704.0 424.0 718.0 386.0 764.0 368.0 750.0 ship 0
396.0 780.0 382.0 764.0 428.0 720.0 444.0 738.0 ship 0
444.0 740.0 458.0 754.0 414.0 794.0 400.0 780.0 ship 0
460.0 754.0 478.0 772.0 428.0 816.0 412.0 796.0 ship 0
492.0 782.0 506.0 798.0 458.0 840.0 446.0 824.0 ship 0
378.0 326.0 390.0 340.0 354.0 370.0 344.0 356.0 ship 0
334.0 368.0 320.0 354.0 358.0 308.0 374.0 322.0 ship 0
344.0 294.0 358.0 306.0 314.0 356.0 300.0 342.0 ship 0
102.0 788.0 120.0 804.0 68.0 860.0 50.0 844.0 ship 0
64.0 748.0 82.0 768.0 24.0 826.0 6.0 808.0 ship 0
28.0 704.0 48.0 724.0 1.0 770.0 1.0 732.0 ship 2
1.0 730.0 1.0 694.0 12.0 684.0 28.0 704.0 ship 2
46.0 726.0 62.0 746.0 2.0 803.0 1.0 772.0 ship 0
1.0 1024.0 1.0 1008.0 8.0 1000.0 25.0 1022.0 ship 2
1.0 286.0 1.0 242.0 772.0 1024.0 732.0 1024.0 harbor 0
