820.0 138.0 806.0 124.0 848.0 82.0 860.0 96.0 ship 0
802.0 124.0 786.0 108.0 826.0 66.0 844.0 84.0 ship 0
784.0 108.0 768.0 92.0 808.0 54.0 822.0 70.0 ship 0
762.0 132.0 774.0 148.0 724.0 190.0 712.0 174.0 ship 0
742.0 114.0 756.0 128.0 700.0 180.0 686.0 162.0 ship 0
754.0 78.0 740.0 62.0 780.0 24.0 794.0 40.0 ship 0
742.0 58.0 730.0 44.0 770.0 6.0 784.0 20.0 ship 0
751.0 1.0 768.0 12.0 724.0 50.0 710.0 32.0 ship 0
708.0 32.0 694.0 20.0 714.0 1.0 740.0 1.0 ship 0
726.0 98.0 738.0 112.0 690.0 158.0 674.0 142.0 ship 0
706.0 76.0 722.0 94.0 674.0 140.0 658.0 124.0 ship 0
690.0 64.0 702.0 80.0 656.0 122.0 642.0 108.0 ship 0
674.0 48.0 688.0 60.0 650.0 100.0 634.0 86.0 ship 0
640.0 16.0 656.0 32.0 610.0 76.0 594.0 60.0 ship 0
625.0 1.0 640.0 14.0 592.0 62.0 576.0 46.0 ship 0
590.0 1.0 622.0 1.0 574.0 46.0 560.0 30.0 ship 0
554.0 1.0 587.0 1.0 568.0 18.0 552.0 2.0 ship 2
184.0 720.0 200.0 738.0 142.0 798.0 122.0 780.0 ship 0
120.0 778.0 102.0 762.0 150.0 712.0 170.0 730.0 ship 0
102.0 760.0 86.0 744.0 138.0 688.0 156.0 704.0 ship 0
84.0 742.0 66.0 722.0 122.0 666.0 142.0 682.0 ship 0
2.0 704.0 20.0 724.0 1.0 741.0 1.0 705.0 ship 2
18.0 724.0 38.0 742.0 1.0 776.0 1.0 740.0 ship 2
38.0 744.0 56.0 764.0 1.0 818.0 1.0 782.0 ship 0
60.0 766.0 76.0 784.0 20.0 838.0 2.0 818.0 ship 0
40.0 864.0 20.0 842.0 80.0 784.0 100.0 804.0 ship 0
92.0 814.0 108.0 832.0 56.0 882.0 40.0 868.0 ship 0
243.0 1.0 290.0 1.0 618.0 332.0 592.0 356.0 harbor 2
1.0 223.0 1.0 179.0 364.0 548.0 344.0 572.0 harbor 2
1.0 699.0 1.0 656.0 128.0 788.0 106.0 808.0 harbor 2
800.0 938.0 774.0 964.0 690.0 868.0 714.0 844.0 ship 0
637.0 1024.0 596.0 1024.0 544.0 978.0 566.0 954.0 ship 0
572.0 950.0 596.0 932.0 681.0 1023.0 644.0 1024.0 ship 0
602.0 932.0 628.0 912.0 698.0 998.0 674.0 1018.0 ship 0
730.0 976.0 706.0 998.0 626.0 910.0 650.0 888.0 ship 0
764.0 956.0 740.0 980.0 654.0 888.0 680.0 862.0 ship 0
818.0 900.0 796.0 924.0 706.0 838.0 726.0 812.0 ship 0
730.0 804.0 754.0 782.0 828.0 856.0 808.0 880.0 ship 0
870.0 842.0 848.0 870.0 748.0 778.0 770.0 754.0 ship 0
906.0 820.0 882.0 852.0 774.0 754.0 800.0 726.0 ship 0
804.0 728.0 826.0 704.0 906.0 780.0 886.0 802.0 ship 0
834.0 708.0 862.0 682.0 944.0 764.0 918.0 788.0 ship 0
958.0 738.0 938.0 758.0 870.0 684.0 890.0 664.0 ship 0
880.0 654.0 898.0 632.0 972.0 702.0 952.0 722.0 ship 0
1004.0 684.0 988.0 708.0 900.0 632.0 918.0 608.0 ship 0
926.0 606.0 948.0 584.0 1010.0 650.0 990.0 668.0 ship 0
925.0 1.0 955.0 1.0 910.0 44.0 894.0 30.0 ship 0
416.0 952.0 430.0 936.0 474.0 982.0 458.0 996.0 ship 0
432.0 916.0 448.0 898.0 510.0 958.0 492.0 976.0 ship 0
392.0 958.0 372.0 934.0 430.0 880.0 450.0 900.0 ship 0
366.0 860.0 350.0 872.0 310.0 824.0 326.0 812.0 ship 0
68.0 1010.0 94.0 994.0 116.0 1024.0 78.0 1024.0 ship 2
106.0 982.0 128.0 964.0 179.0 1024.0 141.0 1024.0 ship 2
148.0 948.0 174.0 928.0 230.0 998.0 204.0 1018.0 ship 0
366.0 926.0 346.0 906.0 402.0 848.0 422.0 868.0 ship 0
392.0 844.0 376.0 862.0 312.0 800.0 332.0 780.0 ship 0
64.0 720.0 46.0 702.0 98.0 646.0 118.0 666.0 ship 0
42.0 700.0 24.0 682.0 84.0 620.0 104.0 638.0 ship 0
24.0 680.0 8.0 664.0 64.0 604.0 80.0 622.0 ship 0
354.0 62.0 340.0 46.0 384.0 1.0 400.0 12.0 ship 0
336.0 46.0 322.0 32.0 349.0 1.0 377.0 1.0 ship 0
322.0 32.0 308.0 16.0 322.0 1.0 349.0 1.0 ship 2
400.0 18.0 416.0 34.0 372.0 82.0 356.0 64.0 ship 0
394.0 96.0 376.0 78.0 422.0 28.0 440.0 48.0 ship 0
420.0 130.0 404.0 114.0 440.0 72.0 458.0 90.0 ship 0
464.0 84.0 482.0 100.0 442.0 146.0 422.0 128.0 ship 0
162.0 48.0 144.0 28.0 169.0 1.0 202.0 1.0 ship 2
205.0 1.0 242.0 1.0 192.0 50.0 174.0 30.0 ship 0
232.0 4.0 254.0 20.0 204.0 88.0 182.0 68.0 ship 0
228.0 92.0 212.0 70.0 262.0 20.0 284.0 42.0 ship 0
282.0 40.0 300.0 60.0 244.0 114.0 224.0 96.0 ship 0
300.0 58.0 320.0 80.0 262.0 138.0 242.0 118.0 ship 0
286.0 146.0 266.0 124.0 320.0 78.0 336.0 100.0 ship 0
310.0 172.0 290.0 154.0 344.0 98.0 362.0 116.0 ship 0
360.0 120.0 378.0 138.0 328.0 190.0 308.0 172.0 ship 0
338.0 218.0 320.0 194.0 380.0 138.0 400.0 160.0 ship 0
356.0 238.0 340.0 216.0 400.0 160.0 418.0 178.0 ship 0
418.0 178.0 436.0 198.0 390.0 250.0 370.0 230.0 ship 0
398.0 274.0 382.0 254.0 438.0 198.0 456.0 218.0 ship 0
456.0 218.0 476.0 238.0 408.0 300.0 390.0 278.0 ship 0
448.0 298.0 436.0 284.0 482.0 244.0 494.0 258.0 ship 0
496.0 258.0 514.0 278.0 458.0 336.0 438.0 314.0 ship 0
534.0 298.0 554.0 318.0 494.0 376.0 476.0 356.0 ship 0
554.0 318.0 572.0 338.0 516.0 392.0 500.0 374.0 ship 0
630.0 250.0 648.0 262.0 606.0 314.0 590.0 296.0 ship 0
574.0 152.0 588.0 136.0 632.0 174.0 616.0 192.0 ship 0
556.0 266.0 536.0 250.0 584.0 196.0 604.0 214.0 ship 0
536.0 248.0 520.0 232.0 566.0 176.0 586.0 194.0 ship 0
518.0 232.0 502.0 214.0 540.0 172.0 558.0 186.0 ship 0
502.0 214.0 486.0 196.0 532.0 150.0 548.0 166.0 ship 0
470.0 180.0 454.0 166.0 494.0 126.0 508.0 142.0 ship 0
454.0 164.0 438.0 150.0 482.0 98.0 502.0 116.0 ship 0
3.0 659.0 1.0 628.0 48.0 580.0 68.0 598.0 ship 0
298.0 528.0 316.0 544.0 252.0 612.0 236.0 592.0 ship 0
6.0 234.0 24.0 252.0 1.0 277.0 1.0 240.0 ship 2
30.0 254.0 46.0 266.0 18.0 300.0 4.0 288.0 ship 0
48.0 272.0 66.0 290.0 4.0 337.0 1.0 314.0 ship 0
74.0 292.0 88.0 312.0 22.0 364.0 8.0 344.0 ship 0
86.0 312.0 100.0 328.0 52.0 380.0 36.0 362.0 ship 0
104.0 330.0 120.0 348.0 64.0 402.0 48.0 382.0 ship 0
90.0 414.0 74.0 404.0 120.0 350.0 134.0 364.0 ship 0
146.0 372.0 164.0 394.0 102.0 442.0 84.0 418.0 ship 0
174.0 392.0 186.0 408.0 122.0 462.0 108.0 446.0 ship 0
142.0 494.0 122.0 472.0 180.0 416.0 200.0 434.0 ship 0
222.0 450.0 240.0 466.0 186.0 518.0 170.0 500.0 ship 0
244.0 472.0 260.0 488.0 202.0 546.0 186.0 532.0 ship 0
264.0 492.0 282.0 508.0 224.0 570.0 204.0 552.0 ship 0
1.0 627.0 1.0 592.0 28.0 564.0 44.0 580.0 ship 2
282.0 510.0 298.0 528.0 238.0 586.0 224.0 570.0 ship 0
274.0 614.0 262.0 596.0 320.0 548.0 334.0 568.0 ship 0
290.0 652.0 266.0 628.0 332.0 564.0 356.0 588.0 ship 0
422.0 480.0 440.0 498.0 384.0 562.0 364.0 546.0 ship 0
400.0 464.0 420.0 484.0 360.0 544.0 342.0 526.0 ship 0
378.0 446.0 398.0 464.0 342.0 524.0 324.0 508.0 ship 0
358.0 422.0 380.0 440.0 324.0 506.0 302.0 486.0 ship 0
346.0 396.0 366.0 412.0 302.0 482.0 282.0 462.0 ship 0
284.0 460.0 268.0 446.0 324.0 384.0 342.0 400.0 ship 0
304.0 366.0 324.0 382.0 270.0 438.0 252.0 420.0 ship 0
278.0 356.0 294.0 372.0 244.0 422.0 230.0 406.0 ship 0
256.0 338.0 274.0 356.0 230.0 404.0 210.0 386.0 ship 0
232.0 284.0 252.0 302.0 190.0 366.0 170.0 346.0 ship 0
168.0 348.0 150.0 328.0 202.0 274.0 224.0 294.0 ship 0
150.0 324.0 132.0 302.0 188.0 246.0 208.0 268.0 ship 0
170.0 228.0 186.0 248.0 126.0 308.0 108.0 288.0 ship 0
110.0 284.0 90.0 266.0 142.0 212.0 162.0 228.0 ship 0
92.0 264.0 74.0 246.0 126.0 186.0 146.0 206.0 ship 0
72.0 248.0 56.0 234.0 104.0 170.0 120.0 184.0 ship 0
86.0 158.0 102.0 174.0 50.0 230.0 32.0 210.0 ship 0
64.0 108.0 100.0 144.0 30.0 208.0 1.0 170.0 ship 0
1.0 152.0 1.0 130.0 34.0 98.0 46.0 112.0 ship 0
1.0 122.0 1.0 84.0 8.0 76.0 28.0 96.0 ship 2
633.0 1.0 673.0 1.0 808.0 136.0 788.0 156.0 harbor 2
