967.0 870.0 976.0 853.0 1023.0 881.0 1023.0 902.0 ship 1
720.0 173.0 713.0 166.0 730.0 151.0 736.0 158.0 ship 0
792.0 208.0 801.0 215.0 783.0 235.0 774.0 228.0 ship 0
775.0 226.0 768.0 219.0 786.0 198.0 795.0 205.0 ship 0
780.0 190.0 787.0 197.0 769.0 217.0 762.0 211.0 ship 0
753.0 204.0 745.0 196.0 763.0 177.0 772.0 185.0 ship 0
741.0 194.0 736.0 187.0 758.0 169.0 764.0 176.0 ship 0
736.0 186.0 730.0 177.0 752.0 159.0 760.0 168.0 ship 0
812.0 120.0 820.0 128.0 795.0 150.0 788.0 142.0 ship 0
804.0 111.0 812.0 118.0 788.0 142.0 780.0 134.0 ship 0
797.0 102.0 804.0 111.0 785.0 129.0 778.0 122.0 ship 0
789.0 95.0 797.0 102.0 775.0 125.0 768.0 118.0 ship 0
782.0 87.0 788.0 94.0 767.0 113.0 759.0 105.0 ship 0
775.0 80.0 782.0 87.0 761.0 104.0 755.0 96.0 ship 0
765.0 73.0 771.0 79.0 752.0 99.0 744.0 92.0 ship 0
729.0 179.0 722.0 171.0 748.0 148.0 754.0 156.0 ship 0
714.0 164.0 708.0 157.0 729.0 138.0 736.0 146.0 ship 0
766.0 243.0 774.0 251.0 752.0 273.0 744.0 266.0 ship 0
722.0 130.0 729.0 138.0 706.0 158.0 699.0 151.0 ship 0
298.0 437.0 307.0 446.0 280.0 476.0 270.0 466.0 ship 0
308.0 447.0 317.0 457.0 289.0 484.0 280.0 475.0 ship 0
317.0 458.0 326.0 468.0 296.0 495.0 288.0 485.0 ship 0
304.0 513.0 293.0 502.0 327.0 466.0 338.0 478.0 ship 0
336.0 479.0 344.0 486.0 317.0 520.0 308.0 511.0 ship 0
325.0 530.0 316.0 520.0 347.0 486.0 357.0 497.0 ship 0
357.0 496.0 366.0 505.0 336.0 538.0 327.0 529.0 ship 0
366.0 505.0 376.0 515.0 349.0 547.0 339.0 539.0 ship 0
354.0 559.0 345.0 549.0 373.0 519.0 383.0 529.0 ship 0
369.0 565.0 360.0 554.0 386.0 528.0 396.0 539.0 ship 0
395.0 539.0 404.0 549.0 377.0 571.0 369.0 562.0 ship 0
405.0 546.0 416.0 557.0 383.0 586.0 373.0 576.0 ship 0
416.0 557.0 426.0 566.0 394.0 596.0 385.0 585.0 ship 0
802.0 219.0 809.0 227.0 789.0 243.0 783.0 235.0 ship 0
775.0 251.0 783.0 258.0 764.0 278.0 756.0 270.0 ship 0
883.0 995.0 892.0 980.0 942.0 1016.0 923.0 1023.0 ship 1
835.0 289.0 828.0 282.0 849.0 262.0 856.0 269.0 ship 0
865.0 172.0 872.0 179.0 851.0 199.0 843.0 192.0 ship 0
852.0 157.0 857.0 163.0 838.0 180.0 832.0 174.0 ship 0
922.0 373.0 915.0 366.0 936.0 345.0 942.0 352.0 ship 0
913.0 366.0 905.0 358.0 925.0 337.0 934.0 346.0 ship 0
904.0 358.0 896.0 350.0 916.0 331.0 923.0 339.0 ship 0
893.0 370.0 899.0 378.0 874.0 399.0 868.0 391.0 ship 0
883.0 361.0 890.0 368.0 862.0 394.0 855.0 385.0 ship 0
889.0 343.0 882.0 335.0 902.0 316.0 909.0 324.0 ship 0
883.0 333.0 877.0 326.0 897.0 307.0 904.0 314.0 ship 0
888.0 301.0 896.0 310.0 874.0 329.0 867.0 320.0 ship 0
866.0 320.0 859.0 314.0 878.0 295.0 884.0 302.0 ship 0
861.0 311.0 854.0 304.0 875.0 279.0 884.0 287.0 ship 0
864.0 274.0 872.0 282.0 851.0 305.0 844.0 297.0 ship 0
857.0 267.0 864.0 274.0 845.0 296.0 837.0 289.0 ship 0
829.0 281.0 821.0 272.0 841.0 253.0 849.0 261.0 ship 0
767.0 293.0 759.0 285.0 782.0 259.0 791.0 268.0 ship 0
821.0 273.0 815.0 266.0 833.0 249.0 839.0 255.0 ship 0
813.0 265.0 806.0 257.0 829.0 236.0 837.0 245.0 ship 0
803.0 258.0 798.0 250.0 818.0 232.0 824.0 241.0 ship 0
798.0 249.0 792.0 242.0 808.0 226.0 815.0 233.0 ship 0
875.0 353.0 881.0 360.0 857.0 383.0 849.0 375.0 ship 0
865.0 342.0 873.0 351.0 849.0 374.0 841.0 366.0 ship 0
857.0 336.0 863.0 344.0 840.0 365.0 833.0 358.0 ship 0
849.0 328.0 856.0 334.0 837.0 354.0 829.0 347.0 ship 0
832.0 312.0 840.0 320.0 817.0 342.0 809.0 334.0 ship 0
825.0 303.0 832.0 311.0 808.0 335.0 800.0 327.0 ship 0
816.0 295.0 823.0 304.0 799.0 327.0 792.0 319.0 ship 0
809.0 285.0 818.0 293.0 796.0 313.0 788.0 305.0 ship 0
799.0 278.0 807.0 287.0 785.0 310.0 777.0 302.0 ship 0
790.0 269.0 799.0 278.0 774.0 303.0 766.0 295.0 ship 0
423.0 568.0 433.0 578.0 404.0 608.0 395.0 598.0 ship 0
436.0 576.0 445.0 586.0 419.0 614.0 410.0 604.0 ship 0
450.0 597.0 461.0 606.0 433.0 637.0 422.0 627.0 ship 0
164.0 299.0 173.0 308.0 148.0 335.0 139.0 327.0 ship 0
212.0 562.0 203.0 552.0 233.0 523.0 242.0 534.0 ship 0
200.0 555.0 190.0 546.0 222.0 513.0 233.0 523.0 ship 0
190.0 546.0 181.0 537.0 211.0 503.0 221.0 515.0 ship 0
199.0 496.0 208.0 505.0 181.0 535.0 171.0 525.0 ship 0
170.0 524.0 160.0 515.0 183.0 490.0 194.0 500.0 ship 0
164.0 513.0 154.0 505.0 180.0 475.0 191.0 483.0 ship 0
152.0 504.0 143.0 495.0 172.0 463.0 181.0 473.0 ship 0
143.0 493.0 135.0 484.0 160.0 457.0 169.0 465.0 ship 0
134.0 483.0 126.0 475.0 155.0 442.0 163.0 451.0 ship 0
123.0 474.0 115.0 468.0 130.0 448.0 138.0 455.0 ship 0
113.0 465.0 104.0 456.0 127.0 431.0 136.0 439.0 ship 0
105.0 454.0 97.0 445.0 124.0 419.0 131.0 426.0 ship 0
95.0 443.0 86.0 433.0 113.0 407.0 121.0 418.0 ship 0
132.0 326.0 123.0 316.0 148.0 294.0 157.0 305.0 ship 0
156.0 346.0 147.0 337.0 173.0 309.0 182.0 318.0 ship 0
463.0 608.0 472.0 617.0 445.0 643.0 437.0 634.0 ship 0
183.0 320.0 191.0 330.0 163.0 355.0 155.0 346.0 ship 0
172.0 367.0 162.0 357.0 193.0 329.0 202.0 339.0 ship 0
212.0 351.0 221.0 361.0 187.0 392.0 178.0 382.0 ship 0
203.0 341.0 209.0 348.0 195.0 361.0 189.0 355.0 ship 0
220.0 360.0 229.0 367.0 208.0 393.0 199.0 386.0 ship 0
240.0 376.0 250.0 387.0 217.0 420.0 206.0 409.0 ship 0
251.0 389.0 260.0 397.0 235.0 422.0 227.0 414.0 ship 0
241.0 434.0 232.0 424.0 260.0 399.0 269.0 410.0 ship 0
249.0 449.0 239.0 439.0 268.0 410.0 278.0 419.0 ship 0
279.0 419.0 288.0 429.0 262.0 455.0 253.0 445.0 ship 0
604.0 664.0 612.0 673.0 583.0 703.0 573.0 694.0 ship 0
572.0 693.0 563.0 685.0 587.0 660.0 597.0 669.0 ship 0
563.0 684.0 555.0 676.0 581.0 648.0 590.0 656.0 ship 0
554.0 675.0 545.0 665.0 573.0 637.0 583.0 645.0 ship 0
218.0 573.0 211.0 566.0 229.0 547.0 237.0 555.0 ship 0
255.0 541.0 274.0 560.0 241.0 593.0 222.0 574.0 ship 0
249.0 604.0 242.0 596.0 272.0 564.0 280.0 573.0 ship 0
269.0 623.0 260.0 613.0 287.0 584.0 297.0 593.0 ship 0
472.0 617.0 481.0 626.0 453.0 661.0 442.0 651.0 ship 0
480.0 628.0 490.0 636.0 466.0 663.0 458.0 655.0 ship 0
490.0 637.0 500.0 646.0 472.0 675.0 463.0 666.0 ship 0
497.0 649.0 506.0 659.0 482.0 684.0 472.0 674.0 ship 0
513.0 656.0 522.0 666.0 492.0 692.0 484.0 682.0 ship 0
521.0 666.0 531.0 675.0 500.0 703.0 492.0 693.0 ship 0
531.0 676.0 540.0 686.0 510.0 715.0 502.0 705.0 ship 0
542.0 687.0 550.0 696.0 522.0 723.0 513.0 713.0 ship 0
532.0 736.0 522.0 725.0 552.0 696.0 562.0 706.0 ship 0
558.0 711.0 566.0 720.0 540.0 745.0 532.0 738.0 ship 0
487.0 777.0 496.0 788.0 464.0 819.0 454.0 811.0 ship 0
473.0 769.0 484.0 780.0 454.0 812.0 443.0 801.0 ship 0
444.0 801.0 433.0 793.0 457.0 766.0 467.0 775.0 ship 0
435.0 789.0 426.0 782.0 448.0 755.0 458.0 762.0 ship 0
440.0 744.0 450.0 753.0 423.0 782.0 414.0 774.0 ship 0
413.0 770.0 405.0 761.0 430.0 734.0 439.0 742.0 ship 0
405.0 761.0 397.0 753.0 418.0 729.0 427.0 737.0 ship 0
396.0 752.0 386.0 742.0 417.0 710.0 428.0 721.0 ship 0
402.0 704.0 412.0 715.0 386.0 743.0 375.0 733.0 ship 0
375.0 733.0 366.0 724.0 392.0 694.0 403.0 703.0 ship 0
365.0 724.0 357.0 714.0 382.0 687.0 391.0 695.0 ship 0
356.0 711.0 348.0 704.0 371.0 674.0 380.0 682.0 ship 0
347.0 704.0 338.0 695.0 360.0 666.0 371.0 675.0 ship 0
358.0 650.0 368.0 658.0 338.0 692.0 327.0 683.0 ship 0
326.0 683.0 317.0 673.0 347.0 642.0 356.0 651.0 ship 0
309.0 662.0 300.0 654.0 325.0 624.0 335.0 632.0 ship 0
314.0 613.0 325.0 622.0 297.0 655.0 287.0 645.0 ship 0
288.0 643.0 279.0 634.0 305.0 605.0 315.0 615.0 ship 0
279.0 633.0 269.0 625.0 295.0 596.0 305.0 605.0 ship 0
873.0 182.0 879.0 189.0 862.0 204.0 855.0 197.0 ship 0
887.0 194.0 896.0 202.0 874.0 227.0 864.0 219.0 ship 0
902.0 212.0 909.0 219.0 892.0 236.0 885.0 229.0 ship 0
293.0 27.0 282.0 38.0 246.0 1.0 267.0 1.0 ship 0
306.0 16.0 295.0 25.0 270.0 1.0 290.0 1.0 ship 2
332.0 2.0 320.0 15.0 305.0 1.0 329.0 1.0 ship 2
237.0 691.0 227.0 679.0 264.0 642.0 274.0 653.0 ship 0
54.0 307.0 65.0 319.0 33.0 353.0 20.0 341.0 ship 0
63.0 415.0 55.0 406.0 77.0 379.0 87.0 388.0 ship 0
96.0 378.0 107.0 387.0 75.0 427.0 64.0 417.0 ship 0
100.0 400.0 108.0 409.0 84.0 434.0 75.0 426.0 ship 0
149.0 604.0 137.0 590.0 173.0 554.0 185.0 566.0 ship 0
185.0 566.0 195.0 575.0 166.0 609.0 154.0 599.0 ship 0
197.0 577.0 208.0 588.0 174.0 622.0 163.0 610.0 ship 0
208.0 588.0 218.0 598.0 185.0 635.0 174.0 625.0 ship 0
220.0 597.0 231.0 608.0 199.0 641.0 189.0 631.0 ship 0
234.0 610.0 243.0 622.0 205.0 653.0 196.0 642.0 ship 0
242.0 622.0 253.0 632.0 214.0 670.0 204.0 659.0 ship 0
282.0 38.0 272.0 50.0 232.0 11.0 243.0 1.0 ship 0
270.0 54.0 260.0 64.0 220.0 23.0 230.0 11.0 ship 0
256.0 61.0 248.0 70.0 211.0 34.0 219.0 24.0 ship 0
236.0 64.0 227.0 72.0 200.0 42.0 209.0 34.0 ship 0
391.0 56.0 401.0 44.0 821.0 470.0 808.0 482.0 harbor 0
271.0 172.0 283.0 162.0 694.0 578.0 684.0 590.0 harbor 0
154.0 289.0 166.0 277.0 576.0 698.0 565.0 708.0 harbor 0
31.0 408.0 43.0 396.0 455.0 817.0 444.0 828.0 harbor 0
30.0 472.0 20.0 460.0 53.0 430.0 63.0 441.0 ship 0
1.0 456.0 1.0 437.0 30.0 409.0 41.0 420.0 ship 0
49.0 500.0 38.0 488.0 74.0 452.0 86.0 464.0 ship 0
86.0 464.0 96.0 474.0 63.0 509.0 52.0 498.0 ship 0
69.0 525.0 57.0 513.0 96.0 475.0 109.0 488.0 ship 0
109.0 488.0 119.0 498.0 84.0 534.0 73.0 522.0 ship 0
119.0 498.0 129.0 508.0 89.0 551.0 78.0 539.0 ship 0
129.0 508.0 140.0 518.0 111.0 554.0 99.0 543.0 ship 0
140.0 520.0 151.0 531.0 119.0 570.0 107.0 558.0 ship 0
137.0 573.0 125.0 563.0 152.0 531.0 163.0 543.0 ship 0
163.0 543.0 173.0 554.0 143.0 584.0 133.0 573.0 ship 0
68.0 241.0 57.0 253.0 21.0 218.0 32.0 207.0 ship 0
76.0 225.0 67.0 236.0 34.0 207.0 44.0 196.0 ship 0
92.0 215.0 83.0 225.0 43.0 194.0 53.0 182.0 ship 0
95.0 201.0 88.0 211.0 54.0 183.0 63.0 172.0 ship 0
117.0 201.0 106.0 212.0 66.0 170.0 77.0 159.0 ship 0
136.0 189.0 124.0 201.0 82.0 163.0 93.0 151.0 ship 0
98.0 143.0 107.0 133.0 142.0 166.0 133.0 176.0 ship 0
160.0 163.0 146.0 173.0 111.0 129.0 124.0 120.0 ship 0
168.0 138.0 158.0 148.0 123.0 116.0 134.0 105.0 ship 0
177.0 124.0 169.0 133.0 138.0 102.0 146.0 93.0 ship 0
159.0 85.0 167.0 74.0 198.0 101.0 190.0 111.0 ship 0
221.0 100.0 210.0 112.0 168.0 74.0 178.0 62.0 ship 0
216.0 79.0 207.0 87.0 182.0 61.0 190.0 52.0 ship 0
225.0 70.0 217.0 79.0 190.0 52.0 198.0 43.0 ship 0
253.0 631.0 263.0 643.0 227.0 679.0 218.0 668.0 ship 0
274.0 653.0 285.0 664.0 250.0 701.0 239.0 690.0 ship 0
917.0 226.0 925.0 234.0 902.0 254.0 895.0 247.0 ship 0
912.0 773.0 899.0 786.0 857.0 738.0 869.0 726.0 ship 0
705.0 859.0 696.0 867.0 667.0 841.0 676.0 831.0 ship 0
682.0 831.0 690.0 821.0 715.0 847.0 708.0 855.0 ship 0
726.0 916.0 717.0 925.0 689.0 896.0 699.0 887.0 ship 0
708.0 930.0 711.0 919.0 743.0 930.0 740.0 941.0 ship 0
718.0 943.0 725.0 936.0 746.0 956.0 737.0 964.0 ship 0
748.0 830.0 762.0 816.0 808.0 863.0 796.0 876.0 ship 0
751.0 882.0 762.0 872.0 797.0 906.0 786.0 917.0 ship 0
695.0 864.0 711.0 852.0 763.0 912.0 748.0 925.0 ship 0
797.0 906.0 807.0 906.0 808.0 925.0 799.0 926.0 ship 0
836.0 821.0 827.0 831.0 784.0 793.0 795.0 781.0 ship 0
798.0 779.0 810.0 770.0 853.0 815.0 843.0 825.0 ship 0
813.0 770.0 826.0 760.0 861.0 803.0 849.0 813.0 ship 0
877.0 792.0 865.0 803.0 825.0 759.0 837.0 748.0 ship 0
894.0 782.0 882.0 794.0 839.0 748.0 852.0 735.0 ship 0
921.0 754.0 910.0 766.0 865.0 723.0 875.0 710.0 ship 0
285.0 664.0 296.0 675.0 262.0 712.0 252.0 702.0 ship 0
877.0 706.0 889.0 695.0 926.0 732.0 916.0 744.0 ship 0
947.0 725.0 936.0 739.0 886.0 693.0 897.0 681.0 ship 0
965.0 714.0 953.0 730.0 899.0 681.0 912.0 667.0 ship 0
914.0 668.0 925.0 656.0 965.0 694.0 955.0 705.0 ship 0
929.0 658.0 943.0 645.0 984.0 686.0 971.0 698.0 ship 0
991.0 673.0 981.0 683.0 947.0 646.0 957.0 636.0 ship 0
952.0 631.0 961.0 620.0 998.0 655.0 988.0 665.0 ship 0
1014.0 646.0 1006.0 658.0 962.0 620.0 971.0 608.0 ship 0
975.0 607.0 986.0 596.0 1017.0 629.0 1007.0 638.0 ship 0
984.0 295.0 991.0 303.0 967.0 326.0 959.0 319.0 ship 0
969.0 279.0 976.0 286.0 955.0 306.0 947.0 298.0 ship 0
948.0 258.0 956.0 266.0 937.0 286.0 928.0 278.0 ship 0
937.0 251.0 945.0 257.0 926.0 283.0 918.0 277.0 ship 0
933.0 241.0 941.0 249.0 919.0 270.0 910.0 261.0 ship 0
720.0 780.0 727.0 772.0 749.0 795.0 741.0 802.0 ship 0
728.0 762.0 736.0 753.0 767.0 783.0 758.0 792.0 ship 0
708.0 783.0 698.0 771.0 727.0 744.0 737.0 754.0 ship 0
695.0 734.0 687.0 740.0 667.0 716.0 675.0 710.0 ship 0
297.0 675.0 307.0 686.0 272.0 722.0 263.0 712.0 ship 0
308.0 687.0 318.0 697.0 284.0 731.0 274.0 721.0 ship 0
316.0 699.0 327.0 710.0 294.0 742.0 284.0 732.0 ship 0
327.0 709.0 338.0 720.0 307.0 751.0 296.0 740.0 ship 0
316.0 769.0 305.0 756.0 339.0 723.0 349.0 736.0 ship 0
326.0 779.0 316.0 769.0 352.0 734.0 361.0 743.0 ship 0
341.0 786.0 330.0 774.0 361.0 744.0 373.0 756.0 ship 0
373.0 756.0 384.0 766.0 348.0 807.0 336.0 794.0 ship 0
362.0 812.0 352.0 802.0 384.0 767.0 395.0 778.0 ship 0
395.0 778.0 406.0 788.0 370.0 828.0 359.0 818.0 ship 0
406.0 789.0 417.0 800.0 383.0 836.0 371.0 826.0 ship 0
426.0 813.0 436.0 822.0 405.0 856.0 394.0 845.0 ship 0
416.0 804.0 426.0 813.0 394.0 845.0 385.0 835.0 ship 0
416.0 868.0 405.0 858.0 439.0 823.0 449.0 834.0 ship 0
459.0 916.0 448.0 928.0 399.0 884.0 411.0 871.0 ship 0
248.0 904.0 256.0 911.0 227.0 940.0 219.0 932.0 ship 0
273.0 896.0 287.0 910.0 235.0 962.0 222.0 947.0 ship 0
197.0 914.0 188.0 907.0 206.0 884.0 216.0 892.0 ship 0
158.0 973.0 151.0 966.0 168.0 948.0 175.0 954.0 ship 0
274.0 927.0 283.0 939.0 242.0 973.0 234.0 962.0 ship 0
302.0 957.0 310.0 969.0 259.0 1003.0 251.0 990.0 ship 0
307.0 973.0 316.0 987.0 268.0 1017.0 258.0 1005.0 ship 0
317.0 988.0 326.0 1003.0 293.0 1023.0 263.0 1023.0 ship 1
609.0 885.0 614.0 893.0 590.0 909.0 584.0 902.0 ship 0
546.0 809.0 559.0 801.0 592.0 846.0 581.0 855.0 ship 0
565.0 795.0 576.0 786.0 610.0 826.0 600.0 836.0 ship 0
586.0 778.0 599.0 768.0 627.0 803.0 614.0 813.0 ship 0
695.0 767.0 685.0 757.0 713.0 728.0 723.0 738.0 ship 0
708.0 726.0 700.0 735.0 668.0 704.0 678.0 694.0 ship 0
544.0 664.0 535.0 655.0 561.0 627.0 571.0 637.0 ship 0
533.0 654.0 524.0 645.0 554.0 614.0 564.0 623.0 ship 0
524.0 644.0 516.0 636.0 544.0 606.0 552.0 615.0 ship 0
526.0 169.0 518.0 163.0 544.0 136.0 553.0 144.0 ship 0
689.0 335.0 682.0 327.0 704.0 303.0 712.0 310.0 ship 0
680.0 327.0 673.0 320.0 693.0 297.0 701.0 305.0 ship 0
673.0 320.0 666.0 312.0 685.0 291.0 692.0 298.0 ship 0
666.0 311.0 658.0 304.0 679.0 281.0 687.0 288.0 ship 0
657.0 303.0 648.0 294.0 670.0 271.0 680.0 280.0 ship 0
641.0 288.0 633.0 280.0 656.0 255.0 665.0 262.0 ship 0
631.0 277.0 625.0 271.0 649.0 247.0 655.0 254.0 ship 0
638.0 237.0 648.0 244.0 625.0 270.0 616.0 261.0 ship 0
616.0 259.0 607.0 249.0 633.0 227.0 641.0 235.0 ship 0
610.0 204.0 617.0 213.0 590.0 238.0 581.0 230.0 ship 0
576.0 221.0 567.0 212.0 590.0 185.0 600.0 195.0 ship 0
566.0 212.0 559.0 204.0 578.0 184.0 585.0 191.0 ship 0
559.0 204.0 550.0 195.0 573.0 170.0 582.0 179.0 ship 0
551.0 146.0 560.0 154.0 535.0 177.0 527.0 169.0 ship 0
533.0 132.0 541.0 139.0 517.0 161.0 510.0 154.0 ship 0
509.0 153.0 502.0 146.0 525.0 124.0 531.0 131.0 ship 0
501.0 142.0 495.0 135.0 520.0 112.0 527.0 119.0 ship 0
513.0 103.0 520.0 110.0 495.0 134.0 489.0 127.0 ship 0
497.0 1.0 511.0 1.0 500.0 11.0 493.0 4.0 ship 2
544.0 18.0 553.0 27.0 530.0 52.0 522.0 44.0 ship 0
554.0 28.0 562.0 36.0 540.0 61.0 531.0 53.0 ship 0
564.0 37.0 572.0 46.0 548.0 68.0 539.0 61.0 ship 0
578.0 53.0 585.0 60.0 561.0 82.0 554.0 76.0 ship 0
586.0 60.0 594.0 69.0 571.0 91.0 562.0 83.0 ship 0
601.0 76.0 612.0 86.0 586.0 116.0 575.0 106.0 ship 0
605.0 123.0 597.0 114.0 619.0 94.0 626.0 102.0 ship 0
627.0 103.0 634.0 111.0 612.0 132.0 605.0 124.0 ship 0
712.0 313.0 720.0 321.0 698.0 345.0 690.0 336.0 ship 0
709.0 352.0 700.0 343.0 723.0 318.0 732.0 328.0 ship 0
722.0 369.0 714.0 361.0 732.0 340.0 741.0 349.0 ship 0
744.0 346.0 753.0 354.0 733.0 377.0 723.0 368.0 ship 0
575.0 245.0 584.0 255.0 557.0 282.0 548.0 273.0 ship 0
575.0 302.0 566.0 290.0 594.0 265.0 604.0 275.0 ship 0
587.0 310.0 578.0 301.0 605.0 274.0 613.0 284.0 ship 0
593.0 328.0 584.0 318.0 613.0 286.0 622.0 294.0 ship 0
624.0 295.0 633.0 304.0 608.0 329.0 599.0 319.0 ship 0
628.0 306.0 639.0 314.0 614.0 348.0 603.0 338.0 ship 0
626.0 350.0 618.0 339.0 643.0 314.0 654.0 325.0 ship 0
653.0 324.0 662.0 334.0 634.0 361.0 624.0 352.0 ship 0
662.0 333.0 672.0 344.0 643.0 373.0 633.0 363.0 ship 0
655.0 377.0 645.0 366.0 672.0 343.0 680.0 354.0 ship 0
667.0 390.0 657.0 381.0 684.0 353.0 693.0 362.0 ship 0
692.0 364.0 701.0 373.0 676.0 399.0 666.0 390.0 ship 0
681.0 413.0 672.0 401.0 702.0 373.0 712.0 384.0 ship 0
690.0 423.0 682.0 412.0 712.0 384.0 721.0 393.0 ship 0
721.0 393.0 730.0 403.0 707.0 429.0 697.0 419.0 ship 0
711.0 441.0 703.0 431.0 731.0 403.0 740.0 413.0 ship 0
740.0 413.0 750.0 423.0 716.0 454.0 707.0 443.0 ship 0
736.0 453.0 730.0 446.0 753.0 426.0 759.0 433.0 ship 0
760.0 433.0 769.0 443.0 741.0 472.0 731.0 461.0 ship 0
779.0 453.0 789.0 463.0 759.0 492.0 750.0 482.0 ship 0
789.0 463.0 798.0 473.0 770.0 500.0 762.0 491.0 ship 0
827.0 429.0 836.0 435.0 815.0 461.0 807.0 452.0 ship 0
799.0 380.0 806.0 372.0 828.0 391.0 820.0 400.0 ship 0
790.0 437.0 780.0 429.0 804.0 402.0 814.0 411.0 ship 0
780.0 428.0 772.0 420.0 795.0 392.0 805.0 401.0 ship 0
771.0 420.0 763.0 411.0 782.0 390.0 791.0 397.0 ship 0
763.0 411.0 755.0 402.0 778.0 379.0 786.0 387.0 ship 0
747.0 394.0 739.0 387.0 759.0 367.0 766.0 375.0 ship 0
739.0 386.0 731.0 379.0 753.0 353.0 763.0 362.0 ship 0
569.0 17.0 562.0 9.0 572.0 1.0 587.0 1.0 ship 2
556.0 225.0 564.0 233.0 536.0 261.0 529.0 252.0 ship 0
145.0 750.0 157.0 762.0 124.0 796.0 114.0 785.0 ship 0
12.0 619.0 22.0 629.0 1.0 651.0 1.0 630.0 ship 2
27.0 628.0 37.0 638.0 1.0 674.0 1.0 655.0 ship 0
33.0 644.0 43.0 654.0 10.0 687.0 0.0 677.0 ship 0
49.0 650.0 60.0 662.0 22.0 698.0 12.0 688.0 ship 0
31.0 706.0 24.0 700.0 44.0 679.0 51.0 686.0 ship 0
76.0 684.0 88.0 693.0 52.0 731.0 41.0 720.0 ship 0
88.0 697.0 99.0 706.0 63.0 741.0 54.0 731.0 ship 0
95.0 712.0 105.0 722.0 75.0 753.0 65.0 742.0 ship 0
104.0 724.0 112.0 733.0 85.0 764.0 74.0 755.0 ship 0
119.0 728.0 132.0 740.0 101.0 774.0 88.0 762.0 ship 0
131.0 740.0 142.0 751.0 113.0 786.0 101.0 774.0 ship 0
156.0 764.0 165.0 772.0 130.0 810.0 119.0 800.0 ship 0
576.0 25.0 569.0 17.0 590.0 1.0 598.0 7.0 ship 0
139.0 822.0 128.0 813.0 157.0 782.0 167.0 793.0 ship 0
176.0 783.0 189.0 794.0 152.0 833.0 140.0 822.0 ship 0
193.0 792.0 205.0 804.0 163.0 845.0 152.0 834.0 ship 0
199.0 812.0 210.0 825.0 174.0 856.0 165.0 845.0 ship 0
217.0 839.0 225.0 848.0 192.0 876.0 184.0 867.0 ship 0
967.0 890.0 975.0 874.0 1023.0 902.0 1017.0 916.0 ship 0
961.0 906.0 966.0 892.0 1019.0 920.0 1012.0 934.0 ship 0
945.0 917.0 955.0 901.0 1006.0 933.0 999.0 948.0 ship 0
940.0 931.0 947.0 918.0 996.0 949.0 989.0 961.0 ship 0
922.0 942.0 931.0 926.0 984.0 960.0 977.0 974.0 ship 0
912.0 957.0 920.0 941.0 976.0 978.0 968.0 991.0 ship 0
964.0 993.0 958.0 1004.0 918.0 979.0 925.0 967.0 ship 0
954.0 1006.0 947.0 1018.0 895.0 983.0 904.0 969.0 ship 0
863.0 1003.0 873.0 989.0 919.0 1023.0 889.0 1023.0 ship 1
659.0 1.0 672.0 1.0 661.0 13.0 653.0 7.0 ship 2
586.0 34.0 578.0 28.0 592.0 10.0 600.0 16.0 ship 0
600.0 49.0 593.0 40.0 614.0 21.0 622.0 29.0 ship 0
620.0 31.0 627.0 38.0 608.0 56.0 602.0 50.0 ship 0
623.0 71.0 616.0 63.0 635.0 44.0 643.0 52.0 ship 0
646.0 52.0 654.0 59.0 630.0 81.0 623.0 73.0 ship 0
656.0 59.0 663.0 66.0 640.0 87.0 632.0 80.0 ship 0
654.0 104.0 646.0 95.0 669.0 74.0 677.0 82.0 ship 0
661.0 109.0 654.0 103.0 677.0 83.0 682.0 89.0 ship 0
667.0 119.0 660.0 112.0 683.0 89.0 691.0 98.0 ship 0
675.0 125.0 668.0 118.0 690.0 99.0 695.0 106.0 ship 0
699.0 103.0 708.0 112.0 683.0 135.0 675.0 126.0 ship 0
690.0 143.0 683.0 135.0 706.0 114.0 713.0 123.0 ship 0
700.0 149.0 694.0 141.0 713.0 124.0 719.0 133.0 ship 0
635.0 110.0 643.0 118.0 622.0 140.0 613.0 132.0 ship 0
643.0 118.0 651.0 125.0 630.0 148.0 622.0 140.0 ship 0
653.0 126.0 660.0 135.0 639.0 155.0 630.0 147.0 ship 0
661.0 136.0 668.0 143.0 648.0 162.0 642.0 154.0 ship 0
668.0 143.0 676.0 151.0 655.0 175.0 645.0 166.0 ship 0
691.0 167.0 700.0 176.0 677.0 200.0 668.0 190.0 ship 0
700.0 179.0 708.0 187.0 689.0 206.0 682.0 199.0 ship 0
708.0 187.0 715.0 193.0 696.0 215.0 688.0 209.0 ship 0
715.0 194.0 724.0 201.0 705.0 224.0 696.0 217.0 ship 0
710.0 232.0 703.0 224.0 726.0 202.0 734.0 211.0 ship 0
734.0 212.0 741.0 219.0 719.0 239.0 712.0 232.0 ship 0
742.0 219.0 751.0 228.0 726.0 250.0 718.0 240.0 ship 0
758.0 233.0 765.0 241.0 741.0 262.0 735.0 254.0 ship 0
701.0 5.0 707.0 12.0 689.0 27.0 684.0 20.0 ship 0
679.0 26.0 672.0 19.0 687.0 1.0 697.0 1.0 ship 0
673.0 1.0 686.0 1.0 669.0 20.0 662.0 13.0 ship 2
563.0 236.0 572.0 244.0 546.0 272.0 537.0 264.0 ship 0
544.0 216.0 553.0 226.0 524.0 255.0 515.0 246.0 ship 0
515.0 635.0 505.0 625.0 536.0 594.0 546.0 603.0 ship 0
486.0 390.0 494.0 398.0 469.0 425.0 462.0 418.0 ship 0
330.0 233.0 339.0 242.0 307.0 269.0 299.0 258.0 ship 0
340.0 242.0 350.0 253.0 313.0 284.0 305.0 272.0 ship 0
350.0 254.0 359.0 263.0 329.0 292.0 320.0 283.0 ship 0
337.0 307.0 327.0 297.0 359.0 262.0 371.0 273.0 ship 0
371.0 272.0 378.0 280.0 352.0 308.0 345.0 300.0 ship 0
388.0 293.0 397.0 302.0 368.0 333.0 359.0 324.0 ship 0
402.0 301.0 413.0 313.0 378.0 347.0 368.0 337.0 ship 0
420.0 320.0 428.0 329.0 400.0 358.0 391.0 349.0 ship 0
410.0 370.0 401.0 360.0 428.0 331.0 438.0 341.0 ship 0
439.0 342.0 447.0 351.0 422.0 375.0 413.0 367.0 ship 0
448.0 351.0 457.0 360.0 426.0 391.0 417.0 382.0 ship 0
458.0 363.0 466.0 373.0 436.0 401.0 428.0 391.0 ship 0
466.0 374.0 474.0 382.0 450.0 408.0 441.0 400.0 ship 0
476.0 381.0 485.0 390.0 461.0 416.0 452.0 409.0 ship 0
475.0 440.0 466.0 430.0 497.0 400.0 506.0 411.0 ship 0
661.0 568.0 670.0 576.0 638.0 610.0 630.0 600.0 ship 0
487.0 448.0 479.0 439.0 506.0 412.0 515.0 421.0 ship 0
515.0 421.0 524.0 430.0 498.0 458.0 489.0 449.0 ship 0
527.0 431.0 535.0 437.0 521.0 454.0 514.0 448.0 ship 0
536.0 440.0 545.0 449.0 516.0 475.0 508.0 465.0 ship 0
549.0 450.0 556.0 460.0 523.0 486.0 516.0 476.0 ship 0
555.0 460.0 562.0 468.0 538.0 494.0 530.0 485.0 ship 0
564.0 469.0 572.0 478.0 544.0 505.0 536.0 495.0 ship 0
557.0 511.0 549.0 506.0 572.0 479.0 579.0 486.0 ship 0
585.0 490.0 594.0 501.0 563.0 525.0 554.0 513.0 ship 0
599.0 500.0 605.0 508.0 573.0 535.0 566.0 527.0 ship 0
583.0 551.0 573.0 540.0 602.0 512.0 612.0 521.0 ship 0
623.0 529.0 632.0 537.0 605.0 563.0 597.0 554.0 ship 0
634.0 540.0 642.0 548.0 613.0 577.0 605.0 570.0 ship 0
644.0 550.0 653.0 558.0 624.0 589.0 614.0 580.0 ship 0
321.0 222.0 330.0 231.0 304.0 255.0 296.0 246.0 ship 0
313.0 211.0 321.0 220.0 292.0 249.0 284.0 240.0 ship 0
303.0 201.0 312.0 209.0 282.0 240.0 273.0 231.0 ship 0
293.0 192.0 302.0 201.0 268.0 233.0 260.0 224.0 ship 0
506.0 624.0 497.0 616.0 526.0 586.0 534.0 594.0 ship 0
496.0 615.0 486.0 605.0 512.0 578.0 524.0 589.0 ship 0
485.0 604.0 477.0 596.0 501.0 570.0 509.0 577.0 ship 0
502.0 551.0 510.0 561.0 477.0 592.0 468.0 582.0 ship 0
458.0 576.0 447.0 566.0 477.0 535.0 488.0 546.0 ship 0
447.0 565.0 438.0 557.0 465.0 528.0 475.0 539.0 ship 0
438.0 554.0 429.0 544.0 459.0 516.0 468.0 526.0 ship 0
429.0 544.0 419.0 534.0 451.0 503.0 461.0 512.0 ship 0
419.0 534.0 409.0 525.0 439.0 493.0 449.0 504.0 ship 0
408.0 524.0 398.0 512.0 425.0 487.0 434.0 498.0 ship 0
389.0 505.0 381.0 497.0 408.0 466.0 418.0 476.0 ship 0
395.0 461.0 405.0 469.0 380.0 497.0 372.0 488.0 ship 0
368.0 484.0 360.0 475.0 388.0 448.0 397.0 456.0 ship 0
383.0 434.0 392.0 443.0 360.0 475.0 351.0 464.0 ship 0
350.0 464.0 342.0 455.0 367.0 430.0 376.0 440.0 ship 0
330.0 444.0 322.0 437.0 343.0 415.0 351.0 423.0 ship 0
323.0 434.0 314.0 425.0 343.0 398.0 353.0 407.0 ship 0
312.0 427.0 302.0 417.0 330.0 390.0 340.0 400.0 ship 0
302.0 417.0 292.0 407.0 326.0 371.0 337.0 381.0 ship 0
293.0 406.0 283.0 397.0 309.0 367.0 320.0 377.0 ship 0
274.0 387.0 264.0 378.0 291.0 348.0 302.0 358.0 ship 0
263.0 376.0 253.0 366.0 280.0 342.0 289.0 351.0 ship 0
244.0 357.0 235.0 347.0 264.0 316.0 276.0 326.0 ship 0
233.0 345.0 226.0 338.0 254.0 310.0 261.0 317.0 ship 0
243.0 300.0 252.0 310.0 225.0 337.0 215.0 327.0 ship 0
213.0 326.0 205.0 316.0 233.0 284.0 245.0 295.0 ship 0
197.0 308.0 187.0 298.0 213.0 269.0 223.0 281.0 ship 0
277.0 173.0 284.0 182.0 261.0 198.0 254.0 190.0 ship 0
284.0 180.0 293.0 191.0 262.0 219.0 254.0 210.0 ship 0
653.0 559.0 661.0 568.0 631.0 597.0 624.0 589.0 ship 0
649.0 611.0 643.0 602.0 672.0 578.0 679.0 588.0 ship 0
526.0 194.0 536.0 204.0 503.0 236.0 494.0 226.0 ship 0
461.0 103.0 452.0 95.0 472.0 70.0 482.0 78.0 ship 0
362.0 240.0 353.0 232.0 377.0 200.0 388.0 207.0 ship 0
374.0 186.0 384.0 194.0 354.0 227.0 344.0 217.0 ship 0
343.0 218.0 335.0 210.0 359.0 185.0 368.0 193.0 ship 0
335.0 209.0 325.0 200.0 352.0 173.0 362.0 181.0 ship 0
324.0 200.0 315.0 191.0 343.0 161.0 353.0 170.0 ship 0
315.0 189.0 306.0 180.0 336.0 150.0 345.0 158.0 ship 0
307.0 177.0 298.0 169.0 322.0 140.0 333.0 150.0 ship 0
313.0 131.0 323.0 140.0 295.0 170.0 284.0 160.0 ship 0
390.0 57.0 399.0 67.0 370.0 93.0 363.0 83.0 ship 0
411.0 52.0 404.0 44.0 429.0 19.0 437.0 27.0 ship 0
419.0 58.0 412.0 50.0 439.0 27.0 445.0 35.0 ship 0
441.0 34.0 450.0 41.0 427.0 69.0 418.0 62.0 ship 0
433.0 77.0 427.0 70.0 444.0 53.0 451.0 62.0 ship 0
445.0 83.0 437.0 75.0 460.0 52.0 468.0 59.0 ship 0
470.0 109.0 462.0 101.0 485.0 76.0 494.0 84.0 ship 0
657.0 630.0 645.0 618.0 678.0 586.0 690.0 598.0 ship 0
420.0 86.0 428.0 94.0 399.0 122.0 392.0 114.0 ship 0
411.0 132.0 402.0 124.0 427.0 97.0 435.0 106.0 ship 0
438.0 106.0 447.0 116.0 420.0 144.0 410.0 135.0 ship 0
448.0 116.0 457.0 125.0 429.0 155.0 421.0 146.0 ship 0
456.0 128.0 464.0 136.0 440.0 164.0 431.0 156.0 ship 0
467.0 135.0 476.0 145.0 448.0 174.0 439.0 165.0 ship 0
477.0 119.0 470.0 112.0 491.0 88.0 500.0 96.0 ship 0
485.0 128.0 477.0 120.0 498.0 99.0 506.0 108.0 ship 0
453.0 189.0 443.0 178.0 477.0 145.0 487.0 155.0 ship 0
488.0 156.0 497.0 166.0 469.0 191.0 461.0 181.0 ship 0
497.0 167.0 505.0 176.0 476.0 201.0 469.0 192.0 ship 0
507.0 175.0 514.0 185.0 487.0 209.0 480.0 199.0 ship 0
499.0 220.0 489.0 209.0 518.0 184.0 526.0 194.0 ship 0
535.0 205.0 543.0 215.0 514.0 245.0 505.0 235.0 ship 0
371.0 251.0 363.0 242.0 391.0 215.0 399.0 223.0 ship 0
381.0 260.0 372.0 252.0 402.0 220.0 413.0 229.0 ship 0
403.0 239.0 411.0 245.0 393.0 265.0 386.0 258.0 ship 0
401.0 279.0 392.0 269.0 422.0 240.0 430.0 250.0 ship 0
723.0 544.0 732.0 553.0 704.0 585.0 694.0 577.0 ship 0
712.0 536.0 722.0 546.0 692.0 576.0 683.0 567.0 ship 0
701.0 527.0 711.0 536.0 683.0 566.0 674.0 558.0 ship 0
691.0 515.0 702.0 524.0 674.0 557.0 663.0 547.0 ship 0
685.0 502.0 695.0 510.0 663.0 545.0 653.0 535.0 ship 0
654.0 534.0 646.0 527.0 674.0 496.0 683.0 504.0 ship 0
664.0 487.0 674.0 495.0 647.0 523.0 638.0 514.0 ship 0
651.0 482.0 659.0 490.0 634.0 515.0 627.0 507.0 ship 0
640.0 473.0 649.0 482.0 627.0 506.0 617.0 497.0 ship 0
628.0 446.0 638.0 455.0 607.0 487.0 597.0 477.0 ship 0
596.0 478.0 587.0 468.0 613.0 441.0 624.0 451.0 ship 0
587.0 466.0 578.0 455.0 606.0 427.0 616.0 438.0 ship 0
597.0 418.0 605.0 428.0 575.0 458.0 566.0 448.0 ship 0
567.0 446.0 557.0 437.0 583.0 410.0 593.0 418.0 ship 0
558.0 436.0 549.0 427.0 575.0 397.0 585.0 407.0 ship 0
548.0 428.0 540.0 421.0 564.0 389.0 572.0 396.0 ship 0
555.0 383.0 563.0 391.0 537.0 419.0 528.0 409.0 ship 0
544.0 358.0 562.0 376.0 527.0 408.0 510.0 389.0 ship 0
513.0 381.0 507.0 374.0 529.0 353.0 535.0 360.0 ship 0
499.0 378.0 490.0 368.0 516.0 342.0 526.0 352.0 ship 0
508.0 327.0 518.0 336.0 490.0 367.0 480.0 359.0 ship 0
480.0 357.0 471.0 347.0 497.0 321.0 505.0 329.0 ship 0
487.0 309.0 498.0 318.0 469.0 349.0 459.0 339.0 ship 0
476.0 301.0 486.0 309.0 459.0 339.0 450.0 329.0 ship 0
450.0 328.0 443.0 319.0 473.0 290.0 480.0 298.0 ship 0
461.0 279.0 471.0 287.0 442.0 320.0 432.0 309.0 ship 0
446.0 277.0 453.0 286.0 433.0 307.0 424.0 298.0 ship 0
438.0 259.0 449.0 268.0 423.0 298.0 412.0 288.0 ship 0
431.0 249.0 439.0 257.0 412.0 286.0 404.0 278.0 ship 0
526.0 1.0 548.0 1.0 916.0 372.0 906.0 382.0 harbor 0
