1.0 510.0 1.0 470.0 22.0 448.0 42.0 470.0 ship 2
40.0 470.0 58.0 490.0 2.0 531.0 1.0 505.0 ship 0
60.0 484.0 82.0 506.0 16.0 564.0 1.0 544.0 ship 0
82.0 506.0 102.0 524.0 38.0 584.0 20.0 562.0 ship 0
1024.0 142.0 1024.0 168.0 998.0 190.0 986.0 174.0 ship 2
1020.0 118.0 1024.0 133.0 974.0 180.0 960.0 162.0 ship 0
1016.0 58.0 1004.0 44.0 1024.0 25.0 1024.0 50.0 ship 2
1021.0 1.0 1024.0 27.0 998.0 50.0 984.0 32.0 ship 0
982.0 32.0 968.0 20.0 988.0 1.0 1014.0 1.0 ship 0
1000.0 98.0 1012.0 112.0 964.0 158.0 948.0 142.0 ship 0
980.0 76.0 996.0 94.0 948.0 140.0 932.0 124.0 ship 0
964.0 64.0 976.0 80.0 930.0 122.0 916.0 108.0 ship 0
948.0 48.0 962.0 60.0 924.0 100.0 908.0 86.0 ship 0
914.0 16.0 930.0 32.0 884.0 76.0 868.0 60.0 ship 0
899.0 1.0 914.0 14.0 866.0 62.0 850.0 46.0 ship 0
864.0 1.0 896.0 1.0 848.0 46.0 834.0 30.0 ship 0
828.0 1.0 861.0 1.0 842.0 18.0 826.0 2.0 ship 2
96.0 528.0 116.0 548.0 58.0 608.0 40.0 588.0 ship 0
122.0 544.0 140.0 564.0 88.0 620.0 70.0 600.0 ship 0
150.0 586.0 172.0 604.0 116.0 666.0 94.0 646.0 ship 0
176.0 608.0 194.0 626.0 140.0 678.0 124.0 660.0 ship 0
458.0 720.0 474.0 738.0 416.0 798.0 396.0 780.0 ship 0
394.0 778.0 376.0 762.0 424.0 712.0 444.0 730.0 ship 0
376.0 760.0 360.0 744.0 412.0 688.0 430.0 704.0 ship 0
358.0 742.0 340.0 722.0 396.0 666.0 416.0 682.0 ship 0
194.0 626.0 212.0 644.0 156.0 714.0 134.0 694.0 ship 0
210.0 648.0 230.0 664.0 182.0 718.0 166.0 702.0 ship 0
230.0 666.0 250.0 684.0 194.0 742.0 176.0 724.0 ship 0
244.0 690.0 262.0 710.0 214.0 760.0 194.0 740.0 ship 0
276.0 704.0 294.0 724.0 234.0 776.0 218.0 756.0 ship 0
292.0 724.0 312.0 742.0 250.0 798.0 234.0 778.0 ship 0
312.0 744.0 330.0 764.0 270.0 822.0 254.0 802.0 ship 0
334.0 766.0 350.0 784.0 294.0 838.0 276.0 818.0 ship 0
314.0 864.0 294.0 842.0 354.0 784.0 374.0 804.0 ship 0
366.0 814.0 382.0 832.0 330.0 882.0 314.0 868.0 ship 0
224.0 946.0 242.0 968.0 177.0 1024.0 158.0 1014.0 ship 0
196.0 930.0 218.0 952.0 158.0 1016.0 136.0 994.0 ship 0
138.0 994.0 116.0 978.0 164.0 924.0 184.0 942.0 ship 0
120.0 970.0 102.0 956.0 146.0 902.0 166.0 916.0 ship 0
130.0 880.0 150.0 898.0 96.0 956.0 78.0 940.0 ship 0
76.0 932.0 60.0 914.0 110.0 860.0 128.0 876.0 ship 0
60.0 914.0 44.0 898.0 86.0 850.0 104.0 866.0 ship 0
42.0 896.0 22.0 876.0 84.0 812.0 106.0 834.0 ship 0
54.0 800.0 74.0 822.0 22.0 878.0 0.0 858.0 ship 0
1.0 858.0 1.0 819.0 34.0 780.0 56.0 798.0 ship 0
1.0 817.0 1.0 781.0 14.0 766.0 32.0 782.0 ship 2
517.0 1.0 564.0 1.0 892.0 332.0 866.0 356.0 harbor 2
52.0 1.0 96.0 1.0 638.0 548.0 618.0 572.0 harbor 2
1.0 420.0 1.0 375.0 402.0 788.0 380.0 808.0 harbor 2
1.0 907.0 1.0 862.0 158.0 1024.0 114.0 1024.0 harbor 2
1024.0 883.0 1024.0 936.0 964.0 868.0 988.0 844.0 ship 2
911.0 1024.0 870.0 1024.0 818.0 978.0 840.0 954.0 ship 0
846.0 950.0 870.0 932.0 955.0 1023.0 918.0 1024.0 ship 0
876.0 932.0 902.0 912.0 972.0 998.0 948.0 1018.0 ship 0
1004.0 976.0 980.0 998.0 900.0 910.0 924.0 888.0 ship 0
1024.0 940.0 1019.0 975.0 928.0 888.0 954.0 862.0 ship 0
1024.0 834.0 1024.0 880.0 980.0 838.0 1000.0 812.0 ship 2
690.0 952.0 704.0 936.0 748.0 982.0 732.0 996.0 ship 0
706.0 916.0 722.0 898.0 784.0 958.0 766.0 976.0 ship 0
666.0 958.0 646.0 934.0 704.0 880.0 724.0 900.0 ship 0
640.0 860.0 624.0 872.0 584.0 824.0 600.0 812.0 ship 0
1.0 989.0 1.0 945.0 18.0 926.0 40.0 948.0 ship 2
40.0 948.0 62.0 968.0 5.0 1024.0 1.0 992.0 ship 2
62.0 970.0 84.0 992.0 53.0 1024.0 10.0 1024.0 ship 2
82.0 1000.0 102.0 1018.0 96.0 1024.0 58.0 1024.0 ship 2
342.0 1010.0 368.0 994.0 390.0 1024.0 352.0 1024.0 ship 2
380.0 982.0 402.0 964.0 453.0 1024.0 415.0 1024.0 ship 2
422.0 948.0 448.0 928.0 504.0 998.0 478.0 1018.0 ship 0
640.0 926.0 620.0 906.0 676.0 848.0 696.0 868.0 ship 0
666.0 844.0 650.0 862.0 586.0 800.0 606.0 780.0 ship 0
338.0 720.0 320.0 702.0 372.0 646.0 392.0 666.0 ship 0
316.0 700.0 298.0 682.0 358.0 620.0 378.0 638.0 ship 0
298.0 680.0 282.0 664.0 338.0 604.0 354.0 622.0 ship 0
628.0 62.0 614.0 46.0 658.0 1.0 674.0 12.0 ship 0
610.0 46.0 596.0 32.0 623.0 1.0 651.0 1.0 ship 0
596.0 32.0 582.0 16.0 596.0 1.0 623.0 1.0 ship 2
674.0 18.0 690.0 34.0 646.0 82.0 630.0 64.0 ship 0
668.0 96.0 650.0 78.0 696.0 28.0 714.0 48.0 ship 0
694.0 130.0 678.0 114.0 714.0 72.0 732.0 90.0 ship 0
738.0 84.0 756.0 100.0 716.0 146.0 696.0 128.0 ship 0
436.0 48.0 418.0 28.0 443.0 1.0 476.0 1.0 ship 2
479.0 1.0 516.0 1.0 466.0 50.0 448.0 30.0 ship 0
506.0 4.0 528.0 20.0 478.0 88.0 456.0 68.0 ship 0
502.0 92.0 486.0 70.0 536.0 20.0 558.0 42.0 ship 0
556.0 40.0 574.0 60.0 518.0 114.0 498.0 96.0 ship 0
574.0 58.0 594.0 80.0 536.0 138.0 516.0 118.0 ship 0
560.0 146.0 540.0 124.0 594.0 78.0 610.0 100.0 ship 0
584.0 172.0 564.0 154.0 618.0 98.0 636.0 116.0 ship 0
634.0 120.0 652.0 138.0 602.0 190.0 582.0 172.0 ship 0
612.0 218.0 594.0 194.0 654.0 138.0 674.0 160.0 ship 0
630.0 238.0 614.0 216.0 674.0 160.0 692.0 178.0 ship 0
692.0 178.0 710.0 198.0 664.0 250.0 644.0 230.0 ship 0
672.0 274.0 656.0 254.0 712.0 198.0 730.0 218.0 ship 0
730.0 218.0 750.0 238.0 682.0 300.0 664.0 278.0 ship 0
722.0 298.0 710.0 284.0 756.0 244.0 768.0 258.0 ship 0
770.0 258.0 788.0 278.0 732.0 336.0 712.0 314.0 ship 0
808.0 298.0 828.0 318.0 768.0 376.0 750.0 356.0 ship 0
828.0 318.0 846.0 338.0 790.0 392.0 774.0 374.0 ship 0
904.0 250.0 922.0 262.0 880.0 314.0 864.0 296.0 ship 0
848.0 152.0 862.0 136.0 906.0 174.0 890.0 192.0 ship 0
830.0 266.0 810.0 250.0 858.0 196.0 878.0 214.0 ship 0
810.0 248.0 794.0 232.0 840.0 176.0 860.0 194.0 ship 0
792.0 232.0 776.0 214.0 814.0 172.0 832.0 186.0 ship 0
776.0 214.0 760.0 196.0 806.0 150.0 822.0 166.0 ship 0
744.0 180.0 728.0 166.0 768.0 126.0 782.0 142.0 ship 0
728.0 164.0 712.0 150.0 756.0 98.0 776.0 116.0 ship 0
280.0 662.0 260.0 642.0 322.0 580.0 342.0 598.0 ship 0
222.0 172.0 238.0 188.0 188.0 242.0 174.0 228.0 ship 0
5.0 1.0 40.0 1.0 1.0 43.0 1.0 5.0 ship 2
90.0 32.0 106.0 50.0 50.0 108.0 32.0 90.0 ship 0
70.0 132.0 52.0 112.0 106.0 54.0 126.0 74.0 ship 0
128.0 76.0 144.0 94.0 94.0 142.0 76.0 126.0 ship 0
146.0 94.0 164.0 112.0 102.0 174.0 84.0 156.0 ship 0
166.0 118.0 182.0 138.0 122.0 194.0 106.0 174.0 ship 0
182.0 140.0 198.0 156.0 150.0 208.0 132.0 192.0 ship 0
202.0 154.0 220.0 172.0 172.0 224.0 154.0 210.0 ship 0
200.0 272.0 182.0 252.0 244.0 192.0 262.0 214.0 ship 0
572.0 528.0 590.0 544.0 526.0 612.0 510.0 592.0 ship 0
224.0 288.0 208.0 270.0 262.0 216.0 280.0 234.0 ship 0
280.0 234.0 298.0 252.0 246.0 308.0 228.0 290.0 ship 0
304.0 254.0 320.0 266.0 292.0 300.0 278.0 288.0 ship 0
322.0 272.0 340.0 290.0 282.0 342.0 266.0 322.0 ship 0
348.0 292.0 362.0 312.0 296.0 364.0 282.0 344.0 ship 0
360.0 312.0 374.0 328.0 326.0 380.0 310.0 362.0 ship 0
378.0 330.0 394.0 348.0 338.0 402.0 322.0 382.0 ship 0
364.0 414.0 348.0 404.0 394.0 350.0 408.0 364.0 ship 0
420.0 372.0 438.0 394.0 376.0 442.0 358.0 418.0 ship 0
448.0 392.0 460.0 408.0 396.0 462.0 382.0 446.0 ship 0
416.0 494.0 396.0 472.0 454.0 416.0 474.0 434.0 ship 0
496.0 450.0 514.0 466.0 460.0 518.0 444.0 500.0 ship 0
518.0 472.0 534.0 488.0 476.0 546.0 460.0 532.0 ship 0
538.0 492.0 556.0 508.0 498.0 570.0 478.0 552.0 ship 0
262.0 640.0 244.0 624.0 302.0 564.0 318.0 580.0 ship 0
242.0 622.0 222.0 602.0 274.0 548.0 298.0 570.0 ship 0
220.0 600.0 204.0 584.0 252.0 532.0 268.0 546.0 ship 0
254.0 494.0 270.0 514.0 204.0 576.0 186.0 556.0 ship 0
166.0 544.0 144.0 524.0 204.0 462.0 226.0 484.0 ship 0
144.0 522.0 126.0 506.0 180.0 448.0 200.0 470.0 ship 0
126.0 500.0 108.0 480.0 168.0 424.0 186.0 444.0 ship 0
108.0 480.0 88.0 460.0 152.0 398.0 172.0 416.0 ship 0
88.0 460.0 68.0 442.0 128.0 378.0 148.0 400.0 ship 0
66.0 440.0 46.0 416.0 100.0 366.0 118.0 388.0 ship 0
28.0 402.0 12.0 386.0 66.0 324.0 86.0 344.0 ship 0
40.0 314.0 60.0 330.0 10.0 386.0 1.0 367.0 ship 0
1.0 346.0 1.0 313.0 26.0 288.0 44.0 304.0 ship 2
16.0 260.0 34.0 278.0 1.0 312.0 1.0 275.0 ship 2
556.0 510.0 572.0 528.0 512.0 586.0 498.0 570.0 ship 0
548.0 614.0 536.0 596.0 594.0 548.0 608.0 568.0 ship 0
564.0 652.0 540.0 628.0 606.0 564.0 630.0 588.0 ship 0
696.0 480.0 714.0 498.0 658.0 562.0 638.0 546.0 ship 0
674.0 464.0 694.0 484.0 634.0 544.0 616.0 526.0 ship 0
652.0 446.0 672.0 464.0 616.0 524.0 598.0 508.0 ship 0
632.0 422.0 654.0 440.0 598.0 506.0 576.0 486.0 ship 0
620.0 396.0 640.0 412.0 576.0 482.0 556.0 462.0 ship 0
558.0 460.0 542.0 446.0 598.0 384.0 616.0 400.0 ship 0
578.0 366.0 598.0 382.0 544.0 438.0 526.0 420.0 ship 0
552.0 356.0 568.0 372.0 518.0 422.0 504.0 406.0 ship 0
530.0 338.0 548.0 356.0 504.0 404.0 484.0 386.0 ship 0
506.0 284.0 526.0 302.0 464.0 366.0 444.0 346.0 ship 0
442.0 348.0 424.0 328.0 476.0 274.0 498.0 294.0 ship 0
424.0 324.0 406.0 302.0 462.0 246.0 482.0 268.0 ship 0
444.0 228.0 460.0 248.0 400.0 308.0 382.0 288.0 ship 0
384.0 284.0 364.0 266.0 416.0 212.0 436.0 228.0 ship 0
366.0 264.0 348.0 246.0 400.0 186.0 420.0 206.0 ship 0
346.0 248.0 330.0 234.0 378.0 170.0 394.0 184.0 ship 0
360.0 158.0 376.0 174.0 324.0 230.0 306.0 210.0 ship 0
338.0 108.0 374.0 144.0 304.0 208.0 270.0 170.0 ship 0
276.0 154.0 264.0 140.0 308.0 98.0 320.0 112.0 ship 0
248.0 148.0 230.0 128.0 282.0 76.0 302.0 96.0 ship 0
266.0 46.0 286.0 64.0 230.0 126.0 210.0 110.0 ship 0
210.0 106.0 192.0 86.0 244.0 34.0 260.0 50.0 ship 0
224.0 10.0 246.0 28.0 188.0 90.0 168.0 70.0 ship 0
202.0 1.0 222.0 10.0 168.0 70.0 150.0 50.0 ship 0
150.0 48.0 136.0 30.0 167.0 1.0 198.0 1.0 ship 2
123.0 1.0 162.0 1.0 134.0 32.0 114.0 10.0 ship 2
907.0 1.0 947.0 1.0 1024.0 77.0 1024.0 117.0 harbor 2
