770.0 266.0 788.0 284.0 734.0 344.0 714.0 324.0 ship 0
790.0 286.0 808.0 306.0 752.0 360.0 734.0 342.0 ship 0
808.0 308.0 826.0 328.0 766.0 382.0 750.0 362.0 ship 0
782.0 418.0 760.0 396.0 828.0 324.0 850.0 348.0 ship 0
846.0 350.0 862.0 364.0 808.0 432.0 790.0 414.0 ship 0
824.0 452.0 806.0 432.0 868.0 364.0 888.0 386.0 ship 0
888.0 384.0 906.0 402.0 846.0 468.0 828.0 450.0 ship 0
906.0 402.0 926.0 422.0 872.0 486.0 852.0 470.0 ship 0
882.0 510.0 864.0 490.0 920.0 430.0 940.0 450.0 ship 0
912.0 522.0 894.0 500.0 946.0 448.0 966.0 470.0 ship 0
964.0 470.0 982.0 490.0 928.0 534.0 912.0 516.0 ship 0
984.0 484.0 1006.0 506.0 940.0 564.0 920.0 544.0 ship 0
1006.0 506.0 1024.0 524.0 962.0 584.0 944.0 562.0 ship 0
1022.0 530.0 1024.0 564.0 982.0 608.0 964.0 588.0 ship 0
1024.0 567.0 1024.0 607.0 1012.0 620.0 994.0 600.0 ship 2
493.0 1.0 516.0 4.0 470.0 62.0 452.0 46.0 ship 0
598.0 516.0 580.0 496.0 640.0 438.0 658.0 460.0 ship 0
574.0 502.0 554.0 484.0 618.0 418.0 640.0 438.0 ship 0
554.0 484.0 536.0 466.0 596.0 398.0 616.0 422.0 ship 0
572.0 384.0 590.0 402.0 536.0 462.0 516.0 442.0 ship 0
514.0 440.0 494.0 422.0 540.0 372.0 562.0 392.0 ship 0
502.0 418.0 482.0 402.0 534.0 342.0 556.0 358.0 ship 0
478.0 400.0 460.0 382.0 518.0 318.0 536.0 338.0 ship 0
460.0 378.0 444.0 360.0 494.0 306.0 512.0 322.0 ship 0
442.0 358.0 426.0 342.0 484.0 276.0 500.0 294.0 ship 0
420.0 340.0 404.0 328.0 434.0 288.0 450.0 302.0 ship 0
400.0 322.0 382.0 304.0 428.0 254.0 446.0 270.0 ship 0
384.0 300.0 368.0 282.0 422.0 230.0 436.0 244.0 ship 0
364.0 278.0 346.0 258.0 400.0 206.0 416.0 228.0 ship 0
438.0 44.0 420.0 24.0 447.0 1.0 487.0 1.0 ship 0
486.0 84.0 468.0 66.0 520.0 10.0 538.0 28.0 ship 0
540.0 32.0 556.0 52.0 500.0 102.0 484.0 84.0 ship 0
518.0 126.0 498.0 106.0 560.0 50.0 578.0 70.0 ship 0
598.0 94.0 616.0 114.0 548.0 176.0 530.0 156.0 ship 0
580.0 74.0 592.0 88.0 564.0 114.0 552.0 102.0 ship 0
614.0 112.0 632.0 126.0 590.0 178.0 572.0 164.0 ship 0
654.0 144.0 674.0 166.0 608.0 232.0 586.0 210.0 ship 0
676.0 170.0 694.0 186.0 644.0 236.0 628.0 220.0 ship 0
656.0 260.0 638.0 240.0 694.0 190.0 712.0 212.0 ship 0
672.0 290.0 652.0 270.0 710.0 212.0 730.0 230.0 ship 0
732.0 230.0 750.0 250.0 698.0 302.0 680.0 282.0 ship 0
610.0 538.0 596.0 524.0 632.0 486.0 648.0 502.0 ship 0
684.0 474.0 722.0 512.0 656.0 578.0 618.0 540.0 ship 0
672.0 600.0 658.0 584.0 718.0 520.0 734.0 538.0 ship 0
712.0 638.0 694.0 618.0 748.0 560.0 768.0 578.0 ship 0
1024.0 914.0 1024.0 951.0 1020.0 956.0 1002.0 940.0 ship 2
1000.0 932.0 984.0 914.0 1024.0 870.0 1024.0 906.0 ship 2
984.0 914.0 968.0 898.0 1010.0 850.0 1024.0 866.0 ship 0
966.0 896.0 946.0 876.0 1008.0 812.0 1024.0 833.0 ship 0
978.0 800.0 998.0 822.0 946.0 878.0 924.0 858.0 ship 0
924.0 858.0 906.0 840.0 958.0 780.0 980.0 798.0 ship 0
904.0 840.0 888.0 820.0 938.0 766.0 956.0 782.0 ship 0
886.0 814.0 870.0 800.0 916.0 740.0 934.0 756.0 ship 0
868.0 800.0 850.0 782.0 894.0 724.0 916.0 742.0 ship 0
890.0 692.0 910.0 708.0 850.0 776.0 828.0 758.0 ship 0
826.0 758.0 808.0 738.0 868.0 676.0 886.0 694.0 ship 0
792.0 716.0 774.0 700.0 824.0 640.0 844.0 656.0 ship 0
802.0 618.0 824.0 636.0 768.0 702.0 748.0 682.0 ship 0
750.0 678.0 732.0 660.0 784.0 602.0 804.0 622.0 ship 0
732.0 658.0 712.0 642.0 764.0 584.0 784.0 602.0 ship 0
648.0 774.0 628.0 750.0 702.0 676.0 722.0 698.0 ship 0
282.0 6.0 304.0 30.0 240.0 98.0 214.0 74.0 ship 0
300.0 222.0 284.0 204.0 328.0 150.0 348.0 168.0 ship 0
366.0 148.0 388.0 166.0 324.0 246.0 302.0 226.0 ship 0
374.0 192.0 390.0 210.0 342.0 260.0 324.0 244.0 ship 0
106.0 94.0 84.0 118.0 6.0 40.0 26.0 18.0 ship 0
94.0 136.0 64.0 162.0 2.0 90.0 2.0 40.0 ship 1
58.0 158.0 36.0 180.0 0.0 144.0 2.0 96.0 ship 1
472.0 600.0 448.0 572.0 520.0 500.0 544.0 524.0 ship 0
544.0 524.0 564.0 542.0 506.0 610.0 482.0 590.0 ship 0
568.0 546.0 590.0 568.0 522.0 636.0 500.0 612.0 ship 0
590.0 568.0 610.0 588.0 544.0 662.0 522.0 642.0 ship 0
614.0 586.0 636.0 608.0 572.0 674.0 552.0 654.0 ship 0
642.0 612.0 660.0 636.0 584.0 698.0 566.0 676.0 ship 0
658.0 636.0 680.0 656.0 602.0 732.0 582.0 710.0 ship 0
976.0 1.0 1020.0 1.0 1024.0 3.0 1024.0 47.0 harbor 2
511.0 1.0 558.0 1.0 1024.0 477.0 1024.0 522.0 harbor 2
236.0 208.0 260.0 184.0 1024.0 964.0 1024.0 1009.0 harbor 0
234.0 336.0 214.0 312.0 280.0 252.0 300.0 274.0 ship 0
180.0 308.0 158.0 282.0 234.0 210.0 256.0 232.0 ship 0
272.0 392.0 250.0 368.0 322.0 296.0 346.0 320.0 ship 0
346.0 320.0 366.0 340.0 300.0 410.0 278.0 388.0 ship 0
312.0 442.0 288.0 418.0 366.0 342.0 392.0 368.0 ship 0
392.0 368.0 412.0 388.0 342.0 460.0 320.0 436.0 ship 0
412.0 388.0 432.0 408.0 352.0 494.0 330.0 470.0 ship 0
432.0 408.0 454.0 428.0 396.0 500.0 372.0 478.0 ship 0
454.0 432.0 476.0 454.0 412.0 532.0 388.0 508.0 ship 0
448.0 538.0 424.0 518.0 478.0 454.0 500.0 478.0 ship 0
500.0 478.0 520.0 500.0 460.0 560.0 440.0 538.0 ship 0
680.0 654.0 700.0 678.0 628.0 750.0 610.0 728.0 ship 0
722.0 698.0 744.0 720.0 674.0 794.0 652.0 772.0 ship 0
744.0 720.0 766.0 742.0 698.0 816.0 678.0 796.0 ship 0
768.0 742.0 788.0 764.0 718.0 836.0 700.0 816.0 ship 0
790.0 766.0 810.0 786.0 742.0 854.0 722.0 834.0 ship 0
806.0 790.0 828.0 812.0 762.0 876.0 742.0 856.0 ship 0
828.0 810.0 850.0 832.0 788.0 894.0 766.0 872.0 ship 0
806.0 930.0 784.0 904.0 852.0 838.0 872.0 864.0 ship 0
826.0 950.0 806.0 930.0 878.0 860.0 896.0 878.0 ship 0
856.0 964.0 834.0 940.0 896.0 880.0 920.0 904.0 ship 0
920.0 904.0 942.0 924.0 870.0 1006.0 846.0 980.0 ship 0
898.0 1016.0 878.0 996.0 942.0 926.0 964.0 948.0 ship 0
964.0 948.0 986.0 968.0 935.0 1024.0 895.0 1024.0 ship 0
986.0 970.0 1008.0 992.0 977.0 1024.0 934.0 1024.0 ship 2
1006.0 1000.0 1024.0 1018.0 1020.0 1024.0 982.0 1024.0 ship 2
464.0 892.0 488.0 916.0 422.0 984.0 402.0 962.0 ship 0
102.0 508.0 146.0 550.0 62.0 630.0 22.0 586.0 ship 0
128.0 568.0 148.0 590.0 84.0 650.0 62.0 630.0 ship 0
156.0 588.0 178.0 612.0 108.0 678.0 86.0 652.0 ship 0
198.0 630.0 218.0 650.0 150.0 718.0 130.0 696.0 ship 0
228.0 648.0 248.0 668.0 172.0 742.0 156.0 722.0 ship 0
240.0 680.0 260.0 700.0 194.0 766.0 174.0 746.0 ship 0
272.0 692.0 294.0 716.0 218.0 788.0 198.0 768.0 ship 0
236.0 804.0 222.0 792.0 262.0 750.0 276.0 764.0 ship 0
326.0 760.0 350.0 778.0 278.0 854.0 256.0 832.0 ship 0
350.0 786.0 372.0 804.0 300.0 874.0 282.0 854.0 ship 0
364.0 816.0 384.0 836.0 324.0 898.0 304.0 876.0 ship 0
382.0 840.0 398.0 858.0 344.0 920.0 322.0 902.0 ship 0
412.0 848.0 438.0 872.0 376.0 940.0 350.0 916.0 ship 0
436.0 872.0 458.0 894.0 400.0 964.0 376.0 940.0 ship 0
486.0 920.0 504.0 936.0 434.0 1012.0 412.0 992.0 ship 0
463.0 1024.0 433.0 1021.0 488.0 956.0 508.0 978.0 ship 0
526.0 958.0 552.0 980.0 510.0 1024.0 465.0 1024.0 ship 0
560.0 976.0 584.0 1000.0 559.0 1024.0 513.0 1024.0 ship 2
929.0 1.0 964.0 1.0 910.0 58.0 892.0 40.0 ship 0
977.0 1.0 1000.0 18.0 930.0 86.0 910.0 66.0 ship 0
1014.0 32.0 1024.0 49.0 974.0 108.0 956.0 90.0 ship 0
994.0 132.0 976.0 112.0 1024.0 60.0 1024.0 100.0 ship 0
1024.0 102.0 1024.0 136.0 1018.0 142.0 1000.0 126.0 ship 2
1012.0 460.0 992.0 442.0 1024.0 407.0 1024.0 448.0 ship 2
990.0 440.0 970.0 416.0 1024.0 366.0 1024.0 406.0 ship 0
952.0 402.0 936.0 386.0 990.0 324.0 1010.0 344.0 ship 0
964.0 314.0 984.0 330.0 934.0 386.0 918.0 368.0 ship 0
910.0 360.0 894.0 342.0 950.0 288.0 968.0 304.0 ship 0
940.0 260.0 958.0 278.0 894.0 342.0 876.0 320.0 ship 0
874.0 320.0 858.0 302.0 908.0 252.0 926.0 272.0 ship 0
834.0 280.0 818.0 266.0 860.0 222.0 876.0 238.0 ship 0
820.0 260.0 802.0 242.0 860.0 188.0 880.0 206.0 ship 0
798.0 246.0 778.0 226.0 834.0 172.0 854.0 192.0 ship 0
778.0 226.0 758.0 206.0 826.0 134.0 848.0 154.0 ship 0
760.0 204.0 740.0 186.0 792.0 126.0 814.0 146.0 ship 0
722.0 166.0 702.0 148.0 756.0 88.0 778.0 108.0 ship 0
700.0 144.0 680.0 124.0 734.0 76.0 752.0 94.0 ship 0
662.0 106.0 644.0 86.0 702.0 24.0 726.0 44.0 ship 0
640.0 82.0 626.0 68.0 682.0 12.0 696.0 26.0 ship 0
659.0 1.0 678.0 12.0 624.0 66.0 604.0 46.0 ship 0
600.0 44.0 584.0 24.0 605.0 1.0 645.0 1.0 ship 2
