824.0 36.0 806.0 16.0 820.0 1.0 858.0 1.0 ship 2
858.0 1.0 893.0 1.0 846.0 52.0 828.0 34.0 ship 2
894.0 1.0 923.0 3.0 872.0 70.0 852.0 54.0 ship 0
882.0 94.0 864.0 74.0 920.0 14.0 940.0 34.0 ship 0
912.0 106.0 894.0 84.0 946.0 32.0 966.0 54.0 ship 0
964.0 54.0 982.0 74.0 928.0 118.0 912.0 100.0 ship 0
984.0 68.0 1006.0 90.0 940.0 148.0 920.0 128.0 ship 0
1006.0 90.0 1024.0 108.0 962.0 168.0 944.0 146.0 ship 0
1022.0 114.0 1024.0 148.0 982.0 192.0 964.0 172.0 ship 0
1024.0 151.0 1024.0 191.0 1012.0 204.0 994.0 184.0 ship 2
598.0 100.0 580.0 80.0 640.0 22.0 658.0 44.0 ship 0
574.0 86.0 554.0 68.0 618.0 2.0 640.0 22.0 ship 0
554.0 68.0 536.0 50.0 580.0 1.0 613.0 3.0 ship 0
541.0 1.0 577.0 1.0 536.0 46.0 516.0 26.0 ship 2
514.0 24.0 494.0 6.0 499.0 1.0 538.0 1.0 ship 2
610.0 122.0 596.0 108.0 632.0 70.0 648.0 86.0 ship 0
684.0 58.0 722.0 96.0 656.0 162.0 618.0 124.0 ship 0
672.0 184.0 658.0 168.0 718.0 104.0 734.0 122.0 ship 0
712.0 222.0 694.0 202.0 748.0 144.0 768.0 162.0 ship 0
1024.0 498.0 1024.0 535.0 1020.0 540.0 1002.0 524.0 ship 2
1000.0 516.0 984.0 498.0 1024.0 454.0 1024.0 490.0 ship 2
984.0 498.0 968.0 482.0 1010.0 434.0 1024.0 450.0 ship 0
966.0 480.0 946.0 460.0 1008.0 396.0 1024.0 417.0 ship 0
978.0 384.0 998.0 406.0 946.0 462.0 924.0 442.0 ship 0
924.0 442.0 906.0 424.0 958.0 364.0 980.0 382.0 ship 0
904.0 424.0 888.0 404.0 938.0 350.0 956.0 366.0 ship 0
886.0 398.0 870.0 384.0 916.0 324.0 934.0 340.0 ship 0
868.0 384.0 850.0 366.0 894.0 308.0 916.0 326.0 ship 0
890.0 276.0 910.0 292.0 850.0 360.0 828.0 342.0 ship 0
826.0 342.0 808.0 322.0 868.0 260.0 886.0 278.0 ship 0
792.0 300.0 774.0 284.0 824.0 224.0 844.0 240.0 ship 0
802.0 202.0 824.0 220.0 768.0 286.0 748.0 266.0 ship 0
750.0 262.0 732.0 244.0 784.0 186.0 804.0 206.0 ship 0
732.0 242.0 712.0 226.0 764.0 168.0 784.0 186.0 ship 0
648.0 358.0 628.0 334.0 702.0 260.0 722.0 282.0 ship 0
472.0 184.0 448.0 156.0 520.0 84.0 544.0 108.0 ship 0
544.0 108.0 564.0 126.0 506.0 194.0 482.0 174.0 ship 0
568.0 130.0 590.0 152.0 522.0 220.0 500.0 196.0 ship 0
590.0 152.0 610.0 172.0 544.0 246.0 522.0 226.0 ship 0
614.0 170.0 636.0 192.0 572.0 258.0 552.0 238.0 ship 0
642.0 196.0 660.0 220.0 584.0 282.0 566.0 260.0 ship 0
658.0 220.0 680.0 240.0 602.0 316.0 582.0 294.0 ship 0
919.0 1.0 963.0 1.0 1024.0 61.0 1024.0 106.0 harbor 2
440.0 1.0 487.0 1.0 1024.0 548.0 1024.0 593.0 harbor 2
312.0 26.0 288.0 2.0 290.0 1.0 340.0 1.0 ship 2
341.0 1.0 384.0 1.0 342.0 44.0 320.0 20.0 ship 2
384.0 1.0 424.0 1.0 352.0 78.0 330.0 54.0 ship 0
432.0 1.0 454.0 12.0 396.0 84.0 372.0 62.0 ship 0
454.0 16.0 476.0 38.0 412.0 116.0 388.0 92.0 ship 0
448.0 122.0 424.0 102.0 478.0 38.0 500.0 62.0 ship 0
500.0 62.0 520.0 84.0 460.0 144.0 440.0 122.0 ship 0
680.0 238.0 700.0 262.0 628.0 334.0 610.0 312.0 ship 0
722.0 282.0 744.0 304.0 674.0 378.0 652.0 356.0 ship 0
744.0 304.0 766.0 326.0 698.0 400.0 678.0 380.0 ship 0
768.0 326.0 788.0 348.0 718.0 420.0 700.0 400.0 ship 0
790.0 350.0 810.0 370.0 742.0 438.0 722.0 418.0 ship 0
806.0 374.0 828.0 396.0 762.0 460.0 742.0 440.0 ship 0
828.0 394.0 850.0 416.0 788.0 478.0 766.0 456.0 ship 0
806.0 514.0 784.0 488.0 852.0 422.0 872.0 448.0 ship 0
826.0 534.0 806.0 514.0 878.0 444.0 896.0 462.0 ship 0
856.0 548.0 834.0 524.0 896.0 464.0 920.0 488.0 ship 0
920.0 488.0 942.0 508.0 870.0 590.0 846.0 564.0 ship 0
898.0 600.0 878.0 580.0 942.0 510.0 964.0 532.0 ship 0
964.0 532.0 986.0 552.0 914.0 632.0 892.0 612.0 ship 0
986.0 554.0 1008.0 576.0 940.0 648.0 916.0 628.0 ship 0
1024.0 604.0 1024.0 644.0 984.0 688.0 962.0 666.0 ship 0
1006.0 584.0 1024.0 602.0 962.0 666.0 944.0 646.0 ship 0
1006.0 712.0 984.0 692.0 1024.0 650.0 1024.0 693.0 ship 2
1024.0 744.0 1024.0 790.0 972.0 744.0 996.0 718.0 ship 2
670.0 784.0 686.0 798.0 628.0 856.0 612.0 840.0 ship 0
720.0 768.0 748.0 796.0 644.0 900.0 618.0 870.0 ship 0
568.0 804.0 550.0 790.0 586.0 744.0 606.0 760.0 ship 0
490.0 922.0 476.0 908.0 510.0 872.0 524.0 884.0 ship 0
722.0 830.0 740.0 854.0 658.0 922.0 642.0 900.0 ship 0
778.0 890.0 794.0 914.0 692.0 982.0 676.0 956.0 ship 0
788.0 922.0 806.0 950.0 710.0 1010.0 690.0 986.0 ship 0
808.0 952.0 826.0 982.0 759.0 1023.0 699.0 1023.0 ship 1
464.0 476.0 488.0 500.0 422.0 568.0 402.0 546.0 ship 0
102.0 92.0 146.0 134.0 62.0 214.0 22.0 170.0 ship 0
128.0 152.0 148.0 174.0 84.0 234.0 62.0 214.0 ship 0
156.0 172.0 178.0 196.0 108.0 262.0 86.0 236.0 ship 0
198.0 214.0 218.0 234.0 150.0 302.0 130.0 280.0 ship 0
228.0 232.0 248.0 252.0 172.0 326.0 156.0 306.0 ship 0
240.0 264.0 260.0 284.0 194.0 350.0 174.0 330.0 ship 0
272.0 276.0 294.0 300.0 218.0 372.0 198.0 352.0 ship 0
236.0 388.0 222.0 376.0 262.0 334.0 276.0 348.0 ship 0
326.0 344.0 350.0 362.0 278.0 438.0 256.0 416.0 ship 0
350.0 370.0 372.0 388.0 300.0 458.0 282.0 438.0 ship 0
364.0 400.0 384.0 420.0 324.0 482.0 304.0 460.0 ship 0
382.0 424.0 398.0 442.0 344.0 504.0 322.0 486.0 ship 0
412.0 432.0 438.0 456.0 376.0 524.0 350.0 500.0 ship 0
436.0 456.0 458.0 478.0 400.0 548.0 376.0 524.0 ship 0
486.0 504.0 504.0 520.0 434.0 596.0 412.0 576.0 ship 0
452.0 620.0 430.0 602.0 488.0 540.0 508.0 562.0 ship 0
526.0 542.0 552.0 564.0 478.0 642.0 454.0 620.0 ship 0
560.0 560.0 584.0 584.0 500.0 666.0 478.0 644.0 ship 0
572.0 600.0 594.0 626.0 522.0 688.0 504.0 666.0 ship 0
608.0 654.0 624.0 672.0 558.0 728.0 542.0 710.0 ship 0
1012.0 44.0 992.0 26.0 1020.0 1.0 1024.0 32.0 ship 2
