910.0 716.0 928.0 682.0 1023.0 739.0 1023.0 782.0 ship 1
742.0 966.0 760.0 936.0 860.0 1008.0 822.0 1023.0 ship 1
184.0 304.0 200.0 322.0 142.0 382.0 122.0 364.0 ship 0
120.0 362.0 102.0 346.0 150.0 296.0 170.0 314.0 ship 0
102.0 344.0 86.0 328.0 138.0 272.0 156.0 288.0 ship 0
84.0 326.0 66.0 306.0 122.0 250.0 142.0 266.0 ship 0
2.0 288.0 20.0 308.0 1.0 325.0 1.0 289.0 ship 2
18.0 308.0 38.0 326.0 1.0 360.0 1.0 324.0 ship 2
38.0 328.0 56.0 348.0 1.0 402.0 1.0 366.0 ship 0
60.0 350.0 76.0 368.0 20.0 422.0 2.0 402.0 ship 0
40.0 448.0 20.0 426.0 80.0 368.0 100.0 388.0 ship 0
92.0 398.0 108.0 416.0 56.0 466.0 40.0 452.0 ship 0
189.0 1.0 233.0 1.0 364.0 132.0 344.0 156.0 harbor 2
1.0 283.0 1.0 240.0 128.0 372.0 106.0 392.0 harbor 2
800.0 522.0 774.0 548.0 690.0 452.0 714.0 428.0 ship 0
386.0 694.0 368.0 710.0 310.0 658.0 328.0 638.0 ship 0
340.0 638.0 356.0 618.0 406.0 670.0 392.0 686.0 ship 0
428.0 808.0 410.0 826.0 354.0 768.0 374.0 750.0 ship 0
392.0 836.0 398.0 814.0 462.0 836.0 456.0 858.0 ship 0
412.0 862.0 426.0 848.0 468.0 888.0 450.0 904.0 ship 0
472.0 636.0 500.0 608.0 592.0 702.0 568.0 728.0 ship 0
478.0 740.0 500.0 720.0 570.0 788.0 548.0 810.0 ship 0
366.0 704.0 398.0 680.0 502.0 800.0 472.0 826.0 ship 0
570.0 788.0 590.0 788.0 592.0 826.0 574.0 828.0 ship 0
648.0 618.0 630.0 638.0 544.0 562.0 566.0 538.0 ship 0
572.0 534.0 596.0 516.0 682.0 606.0 662.0 626.0 ship 0
602.0 516.0 628.0 496.0 698.0 582.0 674.0 602.0 ship 0
730.0 560.0 706.0 582.0 626.0 494.0 650.0 472.0 ship 0
764.0 540.0 740.0 564.0 654.0 472.0 680.0 446.0 ship 0
818.0 484.0 796.0 508.0 706.0 422.0 726.0 396.0 ship 0
730.0 388.0 754.0 366.0 828.0 440.0 808.0 464.0 ship 0
870.0 426.0 848.0 454.0 748.0 362.0 770.0 338.0 ship 0
906.0 404.0 882.0 436.0 774.0 338.0 800.0 310.0 ship 0
804.0 312.0 826.0 288.0 906.0 364.0 886.0 386.0 ship 0
834.0 292.0 862.0 266.0 944.0 348.0 918.0 372.0 ship 0
958.0 322.0 938.0 342.0 870.0 268.0 890.0 248.0 ship 0
880.0 238.0 898.0 216.0 972.0 286.0 952.0 306.0 ship 0
1004.0 268.0 988.0 292.0 900.0 216.0 918.0 192.0 ship 0
926.0 190.0 948.0 168.0 1010.0 234.0 990.0 252.0 ship 0
416.0 536.0 430.0 520.0 474.0 566.0 458.0 580.0 ship 0
432.0 500.0 448.0 482.0 510.0 542.0 492.0 560.0 ship 0
392.0 542.0 372.0 518.0 430.0 464.0 450.0 484.0 ship 0
366.0 444.0 350.0 456.0 310.0 408.0 326.0 396.0 ship 0
194.0 746.0 204.0 762.0 156.0 794.0 144.0 780.0 ship 0
68.0 594.0 94.0 578.0 160.0 668.0 138.0 686.0 ship 0
106.0 566.0 128.0 548.0 196.0 628.0 176.0 648.0 ship 0
148.0 532.0 174.0 512.0 230.0 582.0 204.0 602.0 ship 0
366.0 510.0 346.0 490.0 402.0 432.0 422.0 452.0 ship 0
392.0 428.0 376.0 446.0 312.0 384.0 332.0 364.0 ship 0
64.0 304.0 46.0 286.0 98.0 230.0 118.0 250.0 ship 0
42.0 284.0 24.0 266.0 84.0 204.0 104.0 222.0 ship 0
24.0 264.0 8.0 248.0 64.0 188.0 80.0 206.0 ship 0
910.0 756.0 926.0 724.0 1022.0 780.0 1010.0 808.0 ship 0
898.0 788.0 908.0 760.0 1014.0 816.0 1000.0 844.0 ship 0
866.0 810.0 886.0 778.0 988.0 842.0 974.0 872.0 ship 0
856.0 838.0 870.0 812.0 968.0 874.0 954.0 898.0 ship 0
820.0 860.0 838.0 828.0 944.0 896.0 930.0 924.0 ship 0
800.0 890.0 816.0 858.0 928.0 932.0 912.0 958.0 ship 0
904.0 962.0 892.0 984.0 812.0 934.0 826.0 910.0 ship 0
884.0 988.0 870.0 1012.0 766.0 942.0 784.0 914.0 ship 0
702.0 982.0 722.0 954.0 816.0 1023.0 756.0 1023.0 ship 1
3.0 243.0 1.0 212.0 48.0 164.0 68.0 182.0 ship 0
298.0 112.0 316.0 128.0 252.0 196.0 236.0 176.0 ship 0
86.0 1.0 135.0 1.0 102.0 26.0 84.0 2.0 ship 2
144.0 1.0 176.0 1.0 122.0 46.0 108.0 30.0 ship 0
142.0 78.0 122.0 56.0 180.0 0.0 200.0 18.0 ship 0
222.0 34.0 240.0 50.0 186.0 102.0 170.0 84.0 ship 0
244.0 56.0 260.0 72.0 202.0 130.0 186.0 116.0 ship 0
264.0 76.0 282.0 92.0 224.0 154.0 204.0 136.0 ship 0
1.0 211.0 1.0 176.0 28.0 148.0 44.0 164.0 ship 2
282.0 94.0 298.0 112.0 238.0 170.0 224.0 154.0 ship 0
274.0 198.0 262.0 180.0 320.0 132.0 334.0 152.0 ship 0
290.0 236.0 266.0 212.0 332.0 148.0 356.0 172.0 ship 0
422.0 64.0 440.0 82.0 384.0 146.0 364.0 130.0 ship 0
400.0 48.0 420.0 68.0 360.0 128.0 342.0 110.0 ship 0
378.0 30.0 398.0 48.0 342.0 108.0 324.0 92.0 ship 0
358.0 6.0 380.0 24.0 324.0 90.0 302.0 70.0 ship 0
326.0 1.0 362.0 1.0 302.0 66.0 282.0 46.0 ship 0
284.0 44.0 268.0 30.0 295.0 1.0 326.0 1.0 ship 2
255.0 1.0 291.0 1.0 270.0 22.0 252.0 4.0 ship 2
