690.0 662.0 676.0 648.0 710.0 618.0 722.0 632.0 ship 0
834.0 732.0 852.0 746.0 816.0 786.0 798.0 772.0 ship 0
800.0 768.0 786.0 754.0 822.0 712.0 840.0 726.0 ship 0
810.0 696.0 824.0 710.0 788.0 750.0 774.0 738.0 ship 0
756.0 724.0 740.0 708.0 776.0 670.0 794.0 686.0 ship 0
732.0 704.0 722.0 690.0 766.0 654.0 778.0 668.0 ship 0
722.0 688.0 710.0 670.0 754.0 634.0 770.0 652.0 ship 0
874.0 556.0 890.0 572.0 840.0 616.0 826.0 600.0 ship 0
858.0 538.0 874.0 552.0 826.0 600.0 810.0 584.0 ship 0
844.0 520.0 858.0 538.0 820.0 574.0 806.0 560.0 ship 0
828.0 506.0 844.0 520.0 800.0 566.0 786.0 552.0 ship 0
814.0 490.0 826.0 504.0 784.0 542.0 768.0 526.0 ship 0
800.0 476.0 814.0 490.0 772.0 524.0 760.0 508.0 ship 0
780.0 462.0 792.0 474.0 754.0 514.0 738.0 500.0 ship 0
708.0 674.0 694.0 658.0 746.0 612.0 758.0 628.0 ship 0
678.0 644.0 666.0 630.0 708.0 592.0 722.0 608.0 ship 0
782.0 802.0 798.0 818.0 754.0 862.0 738.0 848.0 ship 0
694.0 576.0 708.0 592.0 662.0 632.0 648.0 618.0 ship 0
854.0 754.0 868.0 770.0 828.0 802.0 816.0 786.0 ship 0
800.0 818.0 816.0 832.0 778.0 872.0 762.0 856.0 ship 0
920.0 894.0 906.0 880.0 948.0 840.0 962.0 854.0 ship 0
980.0 660.0 994.0 674.0 952.0 714.0 936.0 700.0 ship 0
954.0 630.0 964.0 642.0 926.0 676.0 914.0 664.0 ship 0
1016.0 982.0 1004.0 968.0 1024.0 949.0 1024.0 974.0 ship 2
1024.0 919.0 1024.0 951.0 998.0 974.0 984.0 956.0 ship 0
982.0 956.0 968.0 944.0 1006.0 906.0 1018.0 920.0 ship 0
972.0 938.0 958.0 924.0 1000.0 874.0 1018.0 890.0 ship 0
978.0 864.0 994.0 880.0 952.0 926.0 938.0 910.0 ship 0
964.0 850.0 978.0 864.0 940.0 908.0 924.0 894.0 ship 0
908.0 878.0 892.0 860.0 932.0 822.0 948.0 838.0 ship 0
784.0 902.0 768.0 886.0 814.0 834.0 832.0 852.0 ship 0
892.0 862.0 880.0 848.0 916.0 814.0 928.0 826.0 ship 0
876.0 846.0 862.0 830.0 908.0 788.0 924.0 806.0 ship 0
856.0 832.0 846.0 816.0 886.0 780.0 898.0 798.0 ship 0
846.0 814.0 834.0 800.0 866.0 768.0 880.0 782.0 ship 0
980.0 1000.0 996.0 1018.0 989.0 1024.0 956.0 1024.0 ship 2
964.0 988.0 976.0 1004.0 954.0 1024.0 924.0 1024.0 ship 2
948.0 972.0 962.0 984.0 924.0 1024.0 908.0 1010.0 ship 0
914.0 940.0 930.0 956.0 884.0 1000.0 868.0 984.0 ship 0
900.0 922.0 914.0 938.0 866.0 986.0 850.0 970.0 ship 0
882.0 906.0 896.0 924.0 848.0 970.0 834.0 954.0 ship 0
868.0 886.0 886.0 902.0 842.0 942.0 826.0 926.0 ship 0
848.0 872.0 864.0 890.0 820.0 936.0 804.0 920.0 ship 0
830.0 854.0 848.0 872.0 798.0 922.0 782.0 906.0 ship 0
996.0 680.0 1008.0 694.0 974.0 724.0 960.0 710.0 ship 0
1024.0 704.0 1024.0 740.0 998.0 770.0 978.0 754.0 ship 0
310.0 272.0 294.0 254.0 340.0 216.0 358.0 234.0 ship 0
32.0 160.0 10.0 178.0 1.0 164.0 1.0 117.0 ship 2
88.0 148.0 60.0 172.0 1.0 107.0 5.0 66.0 ship 0
96.0 104.0 76.0 126.0 10.0 62.0 32.0 40.0 ship 0
128.0 88.0 106.0 112.0 30.0 36.0 52.0 14.0 ship 0
264.0 224.0 250.0 206.0 296.0 168.0 310.0 188.0 ship 0
278.0 240.0 266.0 224.0 312.0 186.0 328.0 204.0 ship 0
328.0 292.0 312.0 278.0 350.0 238.0 366.0 256.0 ship 0
32.0 428.0 52.0 404.0 663.0 1024.0 615.0 1024.0 harbor 0
1.0 870.0 1.0 826.0 195.0 1024.0 151.0 1024.0 harbor 2
302.0 654.0 286.0 642.0 338.0 588.0 356.0 604.0 ship 0
628.0 986.0 614.0 970.0 658.0 922.0 674.0 936.0 ship 0
610.0 970.0 596.0 956.0 636.0 910.0 652.0 926.0 ship 0
596.0 956.0 582.0 940.0 620.0 898.0 634.0 912.0 ship 0
582.0 938.0 566.0 924.0 608.0 878.0 624.0 892.0 ship 0
564.0 922.0 546.0 904.0 590.0 858.0 610.0 876.0 ship 0
532.0 892.0 516.0 876.0 562.0 826.0 580.0 840.0 ship 0
512.0 870.0 500.0 858.0 548.0 810.0 560.0 824.0 ship 0
526.0 790.0 546.0 804.0 500.0 856.0 482.0 838.0 ship 0
482.0 834.0 464.0 814.0 516.0 770.0 532.0 786.0 ship 0
470.0 724.0 484.0 742.0 430.0 792.0 412.0 776.0 ship 0
402.0 758.0 384.0 740.0 430.0 686.0 450.0 706.0 ship 0
382.0 740.0 368.0 724.0 406.0 684.0 420.0 698.0 ship 0
368.0 724.0 350.0 706.0 396.0 656.0 414.0 674.0 ship 0
352.0 608.0 370.0 624.0 320.0 670.0 304.0 654.0 ship 0
316.0 580.0 332.0 594.0 284.0 638.0 270.0 624.0 ship 0
354.0 322.0 344.0 306.0 396.0 270.0 408.0 288.0 ship 0
268.0 622.0 254.0 608.0 300.0 564.0 312.0 578.0 ship 0
252.0 600.0 240.0 586.0 290.0 540.0 304.0 554.0 ship 0
276.0 522.0 290.0 536.0 240.0 584.0 228.0 570.0 ship 0
192.0 300.0 176.0 286.0 228.0 234.0 242.0 250.0 ship 0
262.0 266.0 276.0 280.0 242.0 314.0 228.0 300.0 ship 0
276.0 286.0 290.0 298.0 250.0 338.0 236.0 324.0 ship 0
338.0 352.0 356.0 370.0 310.0 420.0 294.0 404.0 ship 0
358.0 372.0 374.0 388.0 330.0 438.0 312.0 422.0 ship 0
378.0 390.0 394.0 408.0 346.0 452.0 328.0 438.0 ship 0
406.0 422.0 420.0 436.0 372.0 480.0 358.0 468.0 ship 0
422.0 436.0 438.0 454.0 392.0 498.0 374.0 482.0 ship 0
452.0 468.0 474.0 488.0 422.0 548.0 400.0 528.0 ship 0
460.0 562.0 444.0 544.0 488.0 504.0 502.0 520.0 ship 0
504.0 522.0 518.0 538.0 474.0 580.0 460.0 564.0 ship 0
674.0 942.0 690.0 958.0 646.0 1006.0 630.0 988.0 ship 0
668.0 1020.0 650.0 1002.0 696.0 952.0 714.0 972.0 ship 0
722.0 1024.0 690.0 1024.0 714.0 996.0 732.0 1014.0 ship 2
400.0 806.0 418.0 826.0 364.0 880.0 346.0 862.0 ship 0
400.0 920.0 382.0 896.0 438.0 846.0 458.0 866.0 ship 0
424.0 936.0 406.0 918.0 460.0 864.0 476.0 884.0 ship 0
436.0 972.0 418.0 952.0 476.0 888.0 494.0 904.0 ship 0
498.0 906.0 516.0 924.0 466.0 974.0 448.0 954.0 ship 0
506.0 928.0 528.0 944.0 478.0 1012.0 456.0 992.0 ship 0
502.0 1016.0 486.0 994.0 536.0 944.0 558.0 966.0 ship 0
556.0 964.0 574.0 984.0 532.0 1024.0 500.0 1022.0 ship 0
574.0 982.0 594.0 1004.0 574.0 1024.0 533.0 1024.0 ship 2
336.0 304.0 328.0 288.0 376.0 256.0 386.0 272.0 ship 0
388.0 350.0 374.0 334.0 418.0 296.0 430.0 312.0 ship 0
362.0 766.0 378.0 782.0 322.0 838.0 308.0 820.0 ship 0
402.0 366.0 388.0 350.0 432.0 314.0 446.0 330.0 ship 0
560.0 230.0 572.0 240.0 524.0 292.0 510.0 278.0 ship 0
576.0 244.0 588.0 258.0 538.0 302.0 528.0 288.0 ship 0
590.0 264.0 600.0 278.0 550.0 322.0 538.0 308.0 ship 0
600.0 280.0 616.0 294.0 572.0 342.0 556.0 330.0 ship 0
422.0 384.0 406.0 372.0 434.0 336.0 450.0 348.0 ship 0
450.0 414.0 436.0 396.0 478.0 358.0 494.0 374.0 ship 0
490.0 378.0 504.0 392.0 466.0 428.0 454.0 416.0 ship 0
496.0 458.0 482.0 442.0 520.0 404.0 536.0 420.0 ship 0
542.0 420.0 558.0 434.0 510.0 478.0 496.0 462.0 ship 0
562.0 434.0 576.0 448.0 530.0 490.0 514.0 476.0 ship 0
558.0 524.0 542.0 506.0 588.0 464.0 604.0 480.0 ship 0
572.0 534.0 558.0 522.0 604.0 482.0 614.0 494.0 ship 0
584.0 554.0 570.0 540.0 616.0 494.0 632.0 512.0 ship 0
600.0 566.0 586.0 552.0 630.0 514.0 640.0 528.0 ship 0
648.0 522.0 666.0 540.0 616.0 586.0 600.0 568.0 ship 0
630.0 602.0 616.0 586.0 662.0 544.0 676.0 562.0 ship 0
650.0 614.0 638.0 598.0 676.0 564.0 688.0 582.0 ship 0
520.0 536.0 536.0 552.0 494.0 596.0 476.0 580.0 ship 0
536.0 552.0 552.0 566.0 510.0 612.0 494.0 596.0 ship 0
556.0 568.0 570.0 586.0 528.0 626.0 510.0 610.0 ship 0
572.0 588.0 586.0 602.0 546.0 640.0 534.0 624.0 ship 0
586.0 602.0 602.0 618.0 560.0 666.0 540.0 648.0 ship 0
632.0 650.0 650.0 668.0 604.0 716.0 586.0 696.0 ship 0
650.0 674.0 666.0 690.0 628.0 728.0 614.0 714.0 ship 0
666.0 690.0 680.0 702.0 642.0 746.0 626.0 734.0 ship 0
680.0 704.0 698.0 718.0 660.0 764.0 642.0 750.0 ship 0
670.0 780.0 656.0 764.0 702.0 720.0 718.0 738.0 ship 0
718.0 740.0 732.0 754.0 688.0 794.0 674.0 780.0 ship 0
734.0 754.0 752.0 772.0 702.0 816.0 686.0 796.0 ship 0
766.0 782.0 780.0 798.0 732.0 840.0 720.0 824.0 ship 0
652.0 326.0 664.0 340.0 628.0 370.0 618.0 356.0 ship 0
608.0 368.0 594.0 354.0 632.0 308.0 648.0 322.0 ship 0
618.0 294.0 632.0 306.0 588.0 356.0 574.0 342.0 ship 0
376.0 788.0 394.0 804.0 342.0 860.0 324.0 844.0 ship 0
338.0 748.0 356.0 768.0 298.0 826.0 280.0 808.0 ship 0
26.0 902.0 44.0 920.0 1.0 967.0 1.0 929.0 ship 2
54.0 918.0 76.0 942.0 3.0 1007.0 1.0 975.0 ship 0
90.0 956.0 106.0 974.0 57.0 1024.0 37.0 1019.0 ship 0
100.0 1024.0 63.0 1024.0 106.0 978.0 126.0 998.0 ship 2
128.0 1000.0 144.0 1018.0 137.0 1024.0 103.0 1024.0 ship 2
302.0 704.0 322.0 724.0 256.0 788.0 238.0 768.0 ship 0
172.0 522.0 154.0 506.0 194.0 456.0 214.0 472.0 ship 0
1.0 763.0 1.0 721.0 4.0 716.0 26.0 730.0 ship 2
30.0 430.0 48.0 450.0 1.0 493.0 1.0 458.0 ship 0
72.0 420.0 58.0 404.0 108.0 354.0 124.0 370.0 ship 0
88.0 432.0 74.0 416.0 128.0 370.0 140.0 386.0 ship 0
132.0 384.0 150.0 398.0 104.0 454.0 86.0 440.0 ship 0
116.0 470.0 104.0 456.0 138.0 422.0 152.0 440.0 ship 0
140.0 482.0 124.0 466.0 170.0 420.0 186.0 434.0 ship 0
190.0 534.0 174.0 518.0 220.0 468.0 238.0 484.0 ship 0
90.0 488.0 106.0 504.0 48.0 560.0 34.0 544.0 ship 0
72.0 580.0 54.0 564.0 104.0 510.0 120.0 528.0 ship 0
126.0 528.0 144.0 548.0 90.0 604.0 70.0 586.0 ship 0
146.0 548.0 164.0 566.0 108.0 626.0 92.0 608.0 ship 0
162.0 572.0 178.0 588.0 130.0 644.0 112.0 628.0 ship 0
184.0 586.0 202.0 606.0 146.0 664.0 128.0 646.0 ship 0
204.0 554.0 190.0 540.0 232.0 492.0 250.0 508.0 ship 0
220.0 572.0 204.0 556.0 246.0 514.0 262.0 532.0 ship 0
156.0 694.0 136.0 672.0 204.0 606.0 224.0 626.0 ship 0
226.0 628.0 244.0 648.0 188.0 698.0 172.0 678.0 ship 0
244.0 650.0 260.0 668.0 202.0 718.0 188.0 700.0 ship 0
264.0 666.0 278.0 686.0 224.0 734.0 210.0 714.0 ship 0
248.0 756.0 228.0 734.0 286.0 684.0 302.0 704.0 ship 0
320.0 726.0 336.0 746.0 278.0 806.0 260.0 786.0 ship 0
1.0 810.0 1.0 776.0 32.0 746.0 48.0 762.0 ship 0
12.0 836.0 1.0 819.0 54.0 756.0 76.0 774.0 ship 0
56.0 794.0 72.0 806.0 36.0 846.0 22.0 832.0 ship 0
52.0 874.0 34.0 854.0 94.0 796.0 110.0 816.0 ship 0
297.0 1024.0 258.0 1024.0 282.0 1000.0 302.0 1020.0 ship 2
266.0 970.0 286.0 988.0 253.0 1024.0 218.0 1024.0 ship 0
209.0 1024.0 192.0 1010.0 244.0 958.0 260.0 974.0 ship 0
224.0 934.0 246.0 952.0 188.0 1014.0 168.0 994.0 ship 0
202.0 918.0 222.0 934.0 168.0 994.0 150.0 974.0 ship 0
150.0 972.0 136.0 954.0 196.0 896.0 210.0 912.0 ship 0
172.0 874.0 192.0 890.0 134.0 956.0 114.0 934.0 ship 0
142.0 870.0 156.0 888.0 116.0 930.0 98.0 912.0 ship 0
126.0 834.0 148.0 852.0 96.0 912.0 74.0 892.0 ship 0
112.0 814.0 128.0 830.0 74.0 888.0 58.0 872.0 ship 0
222.0 234.0 246.0 214.0 1024.0 1001.0 1015.0 1024.0 harbor 0
