856.0 696.0 1024.0 781.0 1024.0 1024.0 752.0 1006.0 ground-track-field 2
349.0 491.0 388.0 508.0 353.0 591.0 313.0 573.0 tennis-court 0
346.0 362.0 362.0 369.0 345.0 405.0 328.0 398.0 swimming-pool 0
248.0 577.0 330.0 613.0 314.0 652.0 231.0 614.0 tennis-court 0
543.0 66.0 560.0 76.0 540.0 115.0 521.0 104.0 swimming-pool 0
283.0 491.0 306.0 490.0 305.0 534.0 282.0 533.0 swimming-pool 0
244.0 643.0 292.0 664.0 278.0 694.0 231.0 672.0 swimming-pool 0
210.0 686.0 254.0 704.0 247.0 720.0 204.0 702.0 swimming-pool 0
223.0 1010.0 240.0 1018.0 237.0 1024.0 217.0 1024.0 swimming-pool 2
1013.0 345.0 1024.0 391.0 999.0 440.0 962.0 420.0 tennis-court 0
941.0 310.0 978.0 329.0 939.0 409.0 900.0 390.0 tennis-court 0
879.0 279.0 918.0 299.0 878.0 379.0 839.0 359.0 tennis-court 0
819.0 249.0 857.0 269.0 816.0 349.0 779.0 329.0 tennis-court 0
757.0 219.0 795.0 238.0 756.0 319.0 718.0 299.0 tennis-court 0
697.0 189.0 735.0 208.0 695.0 290.0 657.0 269.0 tennis-court 0
638.0 351.0 781.0 422.0 716.0 567.0 565.0 498.0 baseball-diamond 0
394.0 825.0 466.0 690.0 600.0 762.0 528.0 905.0 baseball-diamond 0
653.0 795.0 747.0 845.0 698.0 936.0 602.0 890.0 tennis-court 0
496.0 148.0 535.0 166.0 498.0 247.0 459.0 230.0 tennis-court 0
