856.0 362.0 1024.0 447.0 1024.0 806.0 716.0 654.0 ground-track-field 2
349.0 157.0 388.0 174.0 353.0 257.0 313.0 239.0 tennis-court 0
346.0 28.0 362.0 35.0 345.0 71.0 328.0 64.0 swimming-pool 0
248.0 243.0 330.0 279.0 314.0 318.0 231.0 280.0 tennis-court 0
283.0 157.0 306.0 156.0 305.0 200.0 282.0 199.0 swimming-pool 0
244.0 309.0 292.0 330.0 278.0 360.0 231.0 338.0 swimming-pool 0
210.0 352.0 254.0 370.0 247.0 386.0 204.0 368.0 swimming-pool 0
223.0 676.0 240.0 684.0 226.0 716.0 209.0 709.0 swimming-pool 0
14.0 757.0 56.0 774.0 45.0 797.0 5.0 778.0 swimming-pool 0
125.0 906.0 142.0 913.0 130.0 948.0 113.0 941.0 swimming-pool 0
1013.0 11.0 1024.0 57.0 999.0 106.0 962.0 86.0 tennis-court 0
928.0 1.0 975.0 1.0 939.0 75.0 900.0 56.0 tennis-court 0
851.0 1.0 900.0 1.0 878.0 45.0 839.0 25.0 tennis-court 2
638.0 17.0 781.0 88.0 716.0 233.0 565.0 164.0 baseball-diamond 0
394.0 491.0 466.0 356.0 600.0 428.0 528.0 571.0 baseball-diamond 0
653.0 461.0 747.0 511.0 698.0 602.0 602.0 556.0 tennis-court 0
