270.0 696.0 879.0 1016.0 202.0 1024.0 130.0 988.0 ground-track-field 2
562.0 658.0 669.0 711.0 631.0 787.0 524.0 735.0 swimming-pool 0
416.0 339.0 454.0 360.0 413.0 440.0 376.0 420.0 tennis-court 0
355.0 310.0 392.0 329.0 353.0 409.0 314.0 390.0 tennis-court 0
293.0 279.0 332.0 299.0 292.0 379.0 253.0 359.0 tennis-court 0
233.0 249.0 271.0 269.0 230.0 349.0 193.0 329.0 tennis-court 0
171.0 219.0 209.0 238.0 170.0 319.0 132.0 299.0 tennis-court 0
111.0 189.0 149.0 208.0 109.0 290.0 71.0 269.0 tennis-court 0
52.0 351.0 195.0 422.0 130.0 567.0 1.0 481.0 baseball-diamond 0
67.0 795.0 161.0 845.0 112.0 936.0 16.0 890.0 tennis-court 0
