452.0 552.0 450.0 588.0 382.0 588.0 382.0 554.0 small-vehicle 0
814.0 140.0 646.0 146.0 646.0 34.0 820.0 32.0 plane 0
1012.0 154.0 856.0 150.0 870.0 28.0 1024.0 49.0 plane 0
496.0 408.0 496.0 450.0 382.0 446.0 384.0 414.0 small-vehicle 0
768.0 904.0 504.0 896.0 522.0 670.0 786.0 680.0 plane 0
836.0 694.0 990.0 698.0 990.0 870.0 830.0 862.0 plane 0
460.0 224.0 460.0 260.0 384.0 258.0 386.0 226.0 small-vehicle 0
460.0 266.0 458.0 306.0 386.0 304.0 386.0 266.0 small-vehicle 0
134.0 514.0 168.0 514.0 164.0 586.0 130.0 588.0 small-vehicle 0
202.0 552.0 232.0 548.0 230.0 618.0 200.0 618.0 small-vehicle 0
248.0 540.0 280.0 538.0 276.0 610.0 248.0 610.0 small-vehicle 0
490.0 32.0 488.0 74.0 394.0 78.0 398.0 38.0 large-vehicle 0
128.0 544.0 92.0 546.0 94.0 458.0 132.0 458.0 small-vehicle 0
