1024.0 1024.0 973.0 1024.0 974.0 980.0 1024.0 980.0 plane 2
94.0 1024.0 1.0 1024.0 1.0 956.0 102.0 966.0 plane 2
306.0 1024.0 137.0 1024.0 142.0 972.0 306.0 976.0 plane 2
498.0 1024.0 336.0 1024.0 336.0 968.0 498.0 964.0 plane 2
711.0 1024.0 538.0 1024.0 542.0 958.0 714.0 966.0 plane 2
918.0 1024.0 757.0 1024.0 764.0 974.0 922.0 980.0 plane 2
1024.0 553.0 960.0 552.0 964.0 450.0 1024.0 453.0 plane 2
914.0 562.0 756.0 560.0 748.0 440.0 920.0 442.0 plane 0
694.0 558.0 558.0 554.0 566.0 444.0 704.0 452.0 plane 0
310.0 540.0 158.0 542.0 158.0 440.0 308.0 442.0 plane 0
