226.0 738.0 225.0 756.0 191.0 756.0 191.0 739.0 small-vehicle 0
1024.0 545.0 948.0 547.0 949.0 490.0 1024.0 490.0 plane 0
407.0 532.0 323.0 535.0 323.0 479.0 410.0 478.0 plane 0
506.0 539.0 428.0 537.0 435.0 476.0 513.0 483.0 plane 0
615.0 545.0 528.0 541.0 533.0 486.0 615.0 488.0 plane 0
711.0 538.0 630.0 540.0 630.0 484.0 711.0 482.0 plane 0
816.0 545.0 730.0 544.0 733.0 479.0 819.0 483.0 plane 0
918.0 547.0 837.0 545.0 844.0 487.0 923.0 490.0 plane 0
248.0 666.0 248.0 687.0 191.0 685.0 192.0 669.0 small-vehicle 0
1016.0 278.0 942.0 276.0 944.0 225.0 1018.0 229.0 plane 0
919.0 281.0 840.0 280.0 836.0 220.0 922.0 221.0 plane 0
809.0 279.0 741.0 277.0 745.0 222.0 814.0 226.0 plane 0
617.0 270.0 541.0 271.0 541.0 220.0 616.0 221.0 plane 0
410.0 263.0 358.0 267.0 353.0 224.0 408.0 221.0 plane 0
384.0 914.0 252.0 910.0 261.0 797.0 393.0 802.0 plane 0
418.0 809.0 495.0 811.0 495.0 897.0 415.0 893.0 plane 0
540.0 783.0 670.0 787.0 669.0 908.0 536.0 909.0 plane 0
230.0 574.0 230.0 592.0 192.0 591.0 193.0 575.0 small-vehicle 0
230.0 595.0 229.0 615.0 193.0 614.0 193.0 595.0 small-vehicle 0
67.0 719.0 84.0 719.0 82.0 755.0 65.0 756.0 small-vehicle 0
101.0 738.0 116.0 736.0 115.0 771.0 100.0 771.0 small-vehicle 0
124.0 732.0 140.0 731.0 138.0 767.0 124.0 767.0 small-vehicle 0
261.0 384.0 260.0 411.0 182.0 410.0 184.0 385.0 large-vehicle 0
267.0 432.0 267.0 454.0 200.0 457.0 200.0 434.0 large-vehicle 0
245.0 478.0 244.0 499.0 197.0 501.0 199.0 481.0 large-vehicle 0
64.0 734.0 46.0 735.0 47.0 691.0 66.0 691.0 small-vehicle 0
321.0 267.0 241.0 268.0 239.0 214.0 323.0 217.0 plane 0
