458.0 545.0 373.0 547.0 374.0 490.0 457.0 490.0 plane 0
40.0 545.0 1.0 543.0 1.0 487.0 40.0 488.0 plane 2
136.0 538.0 55.0 540.0 55.0 484.0 136.0 482.0 plane 0
241.0 545.0 155.0 544.0 158.0 479.0 244.0 483.0 plane 0
343.0 547.0 262.0 545.0 269.0 487.0 348.0 490.0 plane 0
667.0 25.0 663.0 107.0 603.0 107.0 609.0 22.0 plane 0
546.0 286.0 465.0 282.0 470.0 223.0 552.0 227.0 plane 0
441.0 278.0 367.0 276.0 369.0 225.0 443.0 229.0 plane 0
344.0 281.0 265.0 280.0 261.0 220.0 347.0 221.0 plane 0
234.0 279.0 166.0 277.0 170.0 222.0 239.0 226.0 plane 0
42.0 270.0 1.0 270.0 1.0 220.0 41.0 221.0 plane 2
1.0 784.0 95.0 787.0 94.0 908.0 1.0 908.0 plane 0
