00005
00007
00008
00009
00011
00014
00021
00023
00024
00026
00027
00031
00033
00034
00035
00037
00038
00039
00040
00041
00043
00044
00045
00046
00049
00050
00051
00053
00055
00056
00057
00061
00064
00065
00066
00067
00068
00070
00071
00073
00076
00077
00078
00080
00081
00084
00085
00086
00087
00089
00090
00091
00092
00093
00095
00096
00098
00099
00100
00101
00102
00103
00104
00107
00108
00109
00113
00115
00116
00117
00123
00125
00126
00127
00129
00130
00132
00134
00135
00136
00137
00139
00140
00141
00142
00144
00145
00147
00149
00150
00151
00152
00154
00157
00158
00159
00160
00161
00163
00164
00169
00170
00171
00172
00173
00174
00176
00177
00178
00180
00182
00185
00186
00187
00189
00191
00192
00193
00195
00196
00197
00198
00199
00200
00202
00203
00204
00205
00206
00207
00209
00210
00211
00212
00214
00215
00216
00219
00222
00223
00224
00225
00226
00228
00230
00231
00232
00233
00235
00236
00239
00241
00242
00243
00244
00246
00249
00250
00251
00252
00253
00255
00256
00257
00258
00259
00260
00261
00262
00263
00264
00265
00266
00267
00268
00269
00270
00271
00273
00274
00275
00276
00277
00278
00279
00280
00283
00284
00285
00287
00288
00289
00290
00292
00293
00294
00295
00296
00300
00302
00305
00306
00307
00309
00310
00311
00314
00315
00316
00317
00318
00319
00320
00322
00323
00324
00325
00326
00327
00328
00329
00333
00334
00335
00336
00337
00338
00341
00342
00346
00348
00350
00352
00353
00354
00356
00362
00363
00364
00365
00366
00367
00368
00369
00371
00372
00374
00376
00377
00378
00379
00381
00383
00385
00386
00387
00388
00389
00390
00391
00392
00393
00394
00395
00396
00398
00399
00400
00402
00403
00405
00407
00408
00411
00412
00413
00414
00415
00416
00418
00419
00421
00422
00424
00429
00430
00431
00435
00437
00438
00439
00440
00441
00442
00443
00445
00446
00448
00449
00450
00452
00454
00455
00456
00458
00459
00461
00462
00463
00464
00465
00466
00467
00469
00470
00472
00473
00475
00476
00477
00479
00482
00483
00484
00487
00488
00491
00492
00493
00494
00495
00496
00497
00498
00500
00501
00502
00503
00504
00505
00508
00510
00511
00512
00513
00514
00515
00516
00517
00518
00519
00520
00521
00522
00523
00525
00526
00527
00528
00531
00534
00535
00536
00537
00538
00539
00540
00541
00543
00544
00545
00546
00547
00548
00549
00551
00553
00554
00556
00557
00558
00561
00562
00563
00564
00566
00567
00568
00570
00571
00572
00573
00574
00575
00577
00578
00580
00583
00584
00586
00588
00589
00590
00591
00592
00593
00594
00595
00596
00598
00600
00601
00603
00604
00605
00606
00607
00608
00609
00610
00614
00615
00617
00619
00620
00621
00625
00627
00630
00631
00635
00636
00637
00638
00639
00643
00645
00648
00649
00650
00653
00656
00657
00659
00660
00665
00666
00667
00668
00669
00670
00671
00672
00673
00674
00676
00677
00678
00679
00681
00682
00685
00687
00689
00690
00691
00692
00693
00694
00695
00696
00697
00698
00699
00700
00701
00703
00705
00707
00708
00709
00710
00712
00713
00714
00715
00716
00717
00719
00720
00721
00723
00724
00725
00726
00727
00728
00729
00730
00731
00732
00733
00734
00736
00737
00738
00740
00742
00743
00745
00746
00748
00750
00751
00752
00753
00754
00755
00756
00758
00760
00762
00763
00764
00765
00766
00767
00768
00769
00770
00771
00773
00774
00776
00778
00779
00780
00781
00782
00783
00784
00785
00786
00787
00789
00791
00792
00793
00794
00795
00796
00797
00800
00801
00802
00803
00804
00805
00806
00807
00809
00810
00811
00812
00813
00815
00816
00817
00818
00819
00820
00821
00822
00824
00826
00827
00829
00830
00831
00832
00834
00835
00837
00838
00839
00840
00841
00844
00845
00847
00849
00850
00852
00853
00854
00855
00856
00858
00859
00861
00862
00863
00865
00866
00870
00871
00873
00876
00878
00879
00881
00882
00883
00885
00886
00888
00889
00890
00891
00892
00893
00894
00895
00896
00897
00898
00902
00903
00905
00907
00908
00909
00910
00912
00915
00917
00918
00919
00921
00922
00923
00924
00925
00926
00927
00929
00930
00932
00933
00934
00936
00937
00938
00939
00940
00941
00942
00945
00946
00947
00948
00949
00950
00951
00952
00953
00954
00956
00957
00958
00959
00960
00962
00963
00964
00965
00966
00967
00970
00972
00973
00975
00976
00980
00981
00985
00988
00989
00990
00993
00994
00995
00996
00998
00999
01000
01001
01002
01003
01005
01006
01007
01008
01009
01010
01012
01013
01014
01015
01016
01017
01018
01019
01020
01021
01023
01026
01027
01029
01030
01031
01032
01033
01035
01036
01037
01038
01039
01040
01041
01042
01043
01045
01050
01051
01055
01056
01059
01060
01061
01063
01064
01065
01066
01068
01069
01071
01073
01074
01075
01076
01077
01078
01079
01080
01081
01083
01084
01086
01089
01090
01091
01092
01093
01095
01097
01098
01099
01100
01101
01102
01103
01105
01106
01107
01108
01109
01111
01113
01115
01116
01118
01119
01120
01121
01122
01123
01124
01126
01127
01128
01129
01130
01131
01134
01135
01139
01140
01141
01142
01143
01145
01146
01148
01149
01150
01151
01152
01153
01154
01157
01158
01159
01160
01161
01163
01164
01165
01166
01167
01168
01169
01170
01171
01172
01173
01176
01177
01178
01179
01180
01181
01182
01183
01184
01186
01188
01191
01192
01193
01195
01196
01198
01199
01200
01201
01205
01206
01207
01208
01210
01211
01212
01213
01214
01216
01218
01220
01222
01224
01226
01227
01228
01233
01234
01235
01236
01239
01240
01241
01242
01244
01245
01247
01248
01250
01253
01255
01257
01258
01260
01261
01262
01266
01267
01269
01271
01273
01274
01275
01276
01277
01279
01280
01282
01284
01285
01286
01290
01291
01292
01293
01295
01297
01298
01299
01300
01302
01303
01306
01307
01308
01310
01311
01312
01313
01314
01315
01316
01317
01319
01320
01322
01323
01324
01325
01326
01328
01329
01330
01331
01334
01335
01339
01340
01341
01343
01347
01350
01351
01352
01353
01354
01356
01358
01359
01360
01362
01363
01365
01367
01369
01370
01372
01373
01374
01377
01378
01379
01380
01381
01382
01383
01384
01385
01388
01389
01391
01392
01393
01394
01395
01396
01397
01398
01399
01401
01402
01403
01405
01407
01408
01409
01411
01412
01415
01416
01418
01419
01421
01422
01424
01425
01426
01427
01429
01431
01432
01433
01434
01435
01438
01441
01442
01445
01447
01448
01449
01450
01451
01453
01454
01455
01456
01457
01458
01459
01460
01462
01463
01464
01465
01466
01467
01469
01470
01471
01472
01474
01475
01478
01479
01480
01481
01482
01483
01484
01486
01487
01489
01490
01492
01493
01494
01495
01496
01497
01498
01499
01500
